1.056628
0.827307
0.933249
1.012058
0.951951
0.975589
0.876273
0.918046
1.026737
0.880544
0.944375
0.888510
0.993916
0.934835
0.958350
0.958328
0.976514
0.998175
0.915882
0.924044
1.059856
0.948731
0.914649
0.833510
0.928999
0.936650
0.903545
0.964588
0.923305
1.066080
0.916842
0.959720
0.991179
0.944730
0.859863
0.957436
0.813171
1.097145
0.884060
0.949038
1.028992
0.960333
0.957122
0.924472
0.915165
0.945650
1.054813
0.912435
0.995651
0.931445
0.954362
0.948050
0.988917
1.005940
0.896391
0.954824
0.877726
0.942221
1.031449
0.896367
0.922092
0.981180
0.973294
0.977600
0.964595
0.810841
0.946635
0.958889
0.890939
0.910137
0.994766
0.936301
0.944632
0.865971
0.974315
0.913511
0.905870
0.928440
0.983454
1.048150
1.021862
1.001784
1.030411
0.967111
1.014737
0.962543
0.952526
0.862524
1.002146
0.929789
0.932629
0.880044
0.878299
0.875473
0.904646
0.953263
0.997401
0.913215
0.903814
0.957710
