0.914926
0.973002
1.024823
0.888398
0.979322
0.935570
0.976426
0.965777
0.948227
0.956951
0.904315
1.027146
0.887813
0.885743
0.974089
0.924204
0.940648
0.926880
0.957349
0.952409
0.892946
0.958333
0.955048
0.937647
0.943686
0.951610
0.968924
0.988116
0.907127
0.936000
0.891172
0.951395
0.963355
0.939655
0.981982
0.966150
0.973198
0.877336
0.949882
0.968935
0.943820
0.946763
0.973594
0.939898
0.967596
0.899084
0.938293
0.933548
0.863861
0.958932
1.008381
0.969472
0.920218
0.869139
0.913176
0.902178
0.922870
1.016077
0.924014
0.957436
0.936247
0.945014
0.917976
0.966898
0.965123
0.971084
0.968301
0.998778
0.951809
0.953273
0.861707
0.940437
0.973330
0.939674
0.942903
0.927768
0.963917
0.908264
0.913651
0.928169
0.961537
0.935950
0.908173
0.966169
0.943512
0.978943
0.989341
1.007153
0.957194
0.941252
0.918045
0.938309
0.983646
0.940178
0.959762
0.953588
0.928925
0.900912
0.909719
0.951612
