98.4164
116.471
95.4986
117.136
106.116
98.2138
98.7456
126.276
95.7954
77.651
89.457
94.0122
88.6784
100.106
101.799
105.431
107.568
84.8932
105.174
88.5844
104.675
105.533
92.469
73.921
103.69
119.665
103.783
101.554
115.544
122.376
79.5438
108.574
118.272
99.2106
95.1708
71.6066
96.5126
99.3442
78.5292
87.5268
119.065
99.1638
93.3426
98.3636
80.1236
94.0452
110.046
77.021
100.542
117.112
78.2536
102.578
116.097
96.049
89.8834
105.531
107.083
70.7888
84.7068
83.206
120.185
82.1956
94.105
98.9716
129.148
99.8052
78.3102
108.28
95.34
108.52
94.3338
119.436
79.291
77.3006
86.5004
102.54
112.2
79.1446
102.815
106.076
74.5326
80.2588
108.096
109.646
106.765
114.017
85.4246
103.033
113.471
101.041
93.0872
102.846
102.735
87.1274
110.384
116.72
117.966
98.6178
110.331
106.983
136.164
92.5696
95.7598
93.653
103.833
96.625
104.975
90.8748
91.1028
93.94
76.6074
102.981
81.4356
89.4128
97.1878
106.071
107.229
116.644
114.29
98.7692
91.4866
86.8538
108.915
77.8818
80.1156
91.3072
96.6118
87.013
97.0602
94.9592
95.443
79.2998
95.8396
86.7948
105.57
90.6404
106.32
128.396
87.2072
126.406
96.9128
105.618
110.785
109.056
81.2824
77.163
98.6754
99.5054
101.711
88.176
106.763
95.9532
113.102
74.2448
82.5026
84.408
114.748
95.9618
72.0362
104.682
87.7096
81.5068
95.083
87.4096
89.6288
85.6258
94.773
88.5662
100.134
88.7562
94.824
85.5608
118.386
94.8994
97.6276
98.8772
92.4648
96.142
109.391
82.057
70.2578
109.081
81.2566
85.9154
76.9904
73.6446
97.9986
88.909
98.657
99.4618
133.46
119.105
103.548
103.77
99.4416
86.6532
77.6532
75.793
120.491
123.896
95.1262
99.1756
94.5268
110.306
126.043
109.171
94.4472
102.855
100.351
95.7506
99.0844
93.5074
90.0768
101.825
94.968
97.8454
79.0248
79.74
107.483
98.5742
112.408
83.9344
76.1162
112.193
123.981
75.595
88.3692
101.337
109.759
93.9956
88.3386
105.704
122.51
100.337
97.5618
112.802
80.8952
79.5664
142.887
105.56
117.912
88.5346
96.4428
127.7
80.6944
128.719
100.833
81.0074
88.8184
144.62
107.937
83.5348
100.307
91.9344
115.994
79.306
98.3734
95.1396
92.0998
116.19
106.458
94.539
81.0834
113.209
76.19
89.0664
101.663
99.0526
95.6888
94.2006
100.318
93.0854
106.958
99.7346
123.736
83.583
68.9674
103.173
119.446
76.2326
95.7378
100.725
72.2606
97.444
105.855
81.5104
105.826
76.5292
105.305
118.38
86.0554
130.546
114.629
82.399
108.883
97.1892
128.167
89.3768
117.512
98.1588
102.79
85.4316
72.9462
100.203
87.5394
109.213
95.6946
113.947
77.4034
121.567
108.563
117.933
113.919
113.093
96.2492
96.0374
109.084
84.5506
82.6056
121.638
94.0496
65.896
98.6228
102.406
114.202
93.1002
116.093
104.242
93.9328
112.567
121.057
106.112
81.3672
103.441
112.458
105.915
80.3918
107.542
76.102
92.9496
82.9316
107.818
94.8288
90.4258
92.8342
115.78
85.822
84.2676
118.498
83.5536
92.6096
105.117
112.161
99.9594
84.013
133.124
113.937
82.3148
101.334
123.811
125.201
105.104
78.5014
106.927
88.5396
111.27
106.861
85.467
89.2628
102.66
103.064
143.69
90.912
104.782
84.8392
106.601
94.8092
113.433
111.222
126.225
76.7284
99.0846
118.492
83.0494
115.628
103.021
91.978
103.019
87.7824
99.051
92.1958
95.6066
114.933
111.735
97.618
103.659
84.885
124.832
89.3756
118.578
120.844
79.861
92.5872
92.3328
134.135
121.119
116.224
118.542
97.538
93.0202
123.928
104.238
92.2766
90.178
78.3642
108.731
79.0998
110.411
95.7712
86.5244
105.26
121.025
119.817
97.6972
87.4822
98.4312
108.292
106.92
95.6874
105.052
83.7918
99.703
106.638
75.7366
112.802
82.0122
104.571
127.891
97.3282
76.1714
80.7632
112.673
86.9464
102.063
95.9744
124.708
114.214
96.4274
86.8506
128.852
91.2608
94.1462
82.5972
120.788
94.5526
93.2316
72.5996
96.3886
91.0122
128.417
104.212
102.882
103.627
107.54
126.622
83.0066
91.7388
100.271
78.7698
94.3846
129.967
91.1132
96.2064
111.786
104.762
105.489
103.392
106.188
92.7978
92.4802
64.372
130.189
105.23
121.101
107.286
104.366
95.8206
108.471
105.372
135.674
82.2378
75.8188
112.791
84.7752
106.182
120.764
88.2578
116.363
117.326
88.6678
111.724
110.221
91.3854
89.954
87.2576
84.2174
112.926
109.437
115.922
134.638
82.2518
105.38
103.457
108.797
101.801
110.499
98.2608
85.5584
89.085
92.3964
78.0388
85.6486
135.814
124.174
73.4994
108.21
102.472
99.8306
93.742
125.779
87.0612
100.905
99.7352
82.24
97.0912
112.111
100.281
101.486
108.738
101.562
80.9346
109.98
100.188
82.2106
101.502
106.549
91.186
103.449
103.435
99.3652
112.434
98.1844
85.188
96.913
108.832
102.036
96.4136
109.338
99.9854
100.014
107.215
105.994
115.865
126.187
109.627
97.9626
90.7782
100.984
77.3626
89.814
90.308
71.9024
87.9816
93.1466
87.3516
88.3944
86.336
98.3066
123.595
99.6268
107.115
73.4212
78.66
107.168
108.603
121.145
118.309
102.916
86.2542
94.0832
108.457
84.144
106.95
106.106
94.3024
90.6708
114.838
120.03
98.9688
102.27
93.304
128.875
98.8464
105.415
83.987
108.376
107.453
104.729
100.31
62.6748
94.4402
105.737
81.6068
103.815
110.654
110.041
77.9956
79.787
91.7032
93.53
73.0702
83.3538
71.9934
74.0606
91.7104
89.7386
105.763
116.506
84.7982
75.7122
77.0734
111.481
112.646
117.282
110.994
102.426
102.592
104.405
104.088
92.2418
93.9908
90.14
120.754
94.0438
104.177
108.691
108.96
108.851
98.2272
132.336
104.132
84.5156
89.7648
76.134
98.8932
95.4674
123.711
87.3522
101.833
106.486
89.6604
111.269
86.9464
117.05
83.3842
119.849
95.2232
105.198
96.6666
102.603
129.939
80.9538
107.946
97.649
82.6016
112.519
90.931
89.7852
101.073
77.1248
94.0308
101.639
79.7434
112.94
101.498
104.257
89.075
108.386
87.624
102.45
98.3294
100.296
112.117
62.7056
70.7048
103.867
104.311
107.812
103.785
114.307
95.0236
96.0872
104.982
105.484
102.464
92.8046
106.634
99.8494
114.025
95.6684
99.0978
89.2522
104.834
101.997
109.998
85.9914
116.206
99.1012
74.1114
112.29
93.9164
104.333
81.9446
128.539
139.565
83.1758
94.928
125.461
119.934
98.786
101.574
116.578
98.182
99.8714
107.023
87.4352
104.713
100.302
93.3278
123.53
109.003
94.9722
94.28
89.8042
107.431
118.788
87.0588
113.258
106.288
107.785
96.8264
81.1358
100.913
100.574
102.375
98.7928
122.799
141.59
119.532
126.838
92.7386
120.264
111.726
107.914
78.1674
98.2582
87.17
122.859
114.236
82.8228
104.695
86.9174
94.3614
101.017
75.7268
116.012
85.2198
108.667
103.298
91.8398
80.2108
109.041
101.941
97.346
126.41
113.804
88.898
87.724
86.5774
104.261
116.724
100.505
109.584
70.2174
92.6478
87.664
100.981
110.461
126.211
76.7132
118.855
118.488
94.6882
124.53
63.734
102.216
110.309
119.98
110.45
106.215
115.742
96.9066
102.559
97.6888
109.493
96.5032
105.937
90.542
124.999
94.7732
89.381
107.901
92.34
103.469
102.088
121.02
120.49
121.516
68.3138
112.716
105.306
83.7994
88.9344
87.464
108.183
98.2252
98.6606
90.4356
105.78
85.2426
78.6258
113.873
101.382
81.8136
119.51
126.11
86.3442
124.946
106.96
95.1658
95.3748
94.7796
93.9286
110.207
108.348
91.8144
99.3914
100.879
105.716
99.083
110.183
88.4038
101.691
68.9588
78.4106
85.9602
72.6228
119.432
82.6288
88.1006
110.695
115.471
106.368
95.8112
86.5552
100.775
89.9408
111.752
97.7292
100.542
94.183
140.936
103.582
83.1488
95.3166
76.41
97.4964
104.514
100.124
129.171
90.3316
109.025
101.153
95.5076
105.219
118.804
107.244
101.814
116.966
117.45
93.9442
107.205
99.5144
115.21
122.3
74.772
119.517
102.193
94.4924
97.036
106.405
113.129
87.5536
105.833
82.9592
107.609
96.3282
109.384
78.9584
92.3794
106.855
95.6942
97.2424
115.532
115.534
93.1994
96.0734
92.7062
82.6832
107.339
102.875
94.8982
106.182
126.054
99.7488
101.724
106.121
101.659
101.728
95.373
107.378
96.8018
100.875
86.6404
113.541
98.7368
110.061
109.225
95.5522
118.663
78.2186
119.038
103.604
117.615
101.2
96.656
82.7554
93.179
105.92
98.5296
81.925
114.813
67.7862
103.811
89.0516
97.8308
91.228
89.5336
110.762
85.0812
85.108
107.395
92.5662
104.1
99.8638
102.97
109.428
107.716
91.68
109.704
91.4836
109.242
114.93
92.7216
90.2746
88.6698
117.334
79.0844
134.433
81.3774
105.354
80.8474
94.1758
70.862
102.117
102.163
97.4406
110.384
78.5522
106.496
113.147
100.816
101.58
98.3504
129.056
117.269
95.3876
98.5764
102.568
88.843
113.328
81.1376
82.2734
111.335
98.1206
102.766
96.9016
117.661
109.775
104.386
77.5674
98.0582
85.8622
96.6124
76.9916
110.32
96.9344
107.251
112.962
96.7086
80.5624
99.8998
96.4844
125.892
104.231
95.472
84.0976
69.8356
102.261
141.887
97.7128
94.44
107.973
92.464
111.375
90.3564
89.6238
98.8764
84.6118
105.879
101.172
92.3516
90.569
114.369
99.8862
103.049
97.1938
75.2414
124.826
91.815
93.0106
91.812
105.418
109.206
99.4404
111.111
110.674
92.082
100.016
72.001
111.277
90.7054
100.67
116.607
93.4764
102.771
80.1472
114.012
110.317
129.035
105.906
72.3834
95.2884
104.41
113.982
116.558
100.215
97.495
94.2546
68.3082
89.6802
107.787
89.7706
100.489
106.741
80.1888
116.524
91.7958
102.799
89.033
109.208
82.2308
96.511
80.6098
101.606
72.3292
73.8136
102.14
95.0894
101.62
121.82
95.6206
84.0628
105.776
95.4896
90.7878
123.651
103.239
112.083
102.188
105.662
96.11
78.414
80.1592
118.742
110.916
98.876
82.1714
103.817
93.9692
114.71
80.3232
102.294
87.6932
102.146
102.383
94.3824
95.3952
119.651
104.162
103.587
91.0506
96.3538
81.1014
123.019
105.59
63.7274
105.15
93.8796
82.1292
109.063
90.334
77.3472
117.389
100.623
90.4222
125.151
94.3256
101.443
96.2512
79.5334
94.863
102.814
88.9736
133.485
90.0464
77.6132
99.0362
106.161
112.376
100.457
99.3702
105.894
102.72
83.0186
86.096
123.843
85.6
88.4326
80.6758
110.647
104.585
71.845
106.828
76.8472
94.6782
83.707
78.3764
111.88
100.782
101.77
98.0482
91.1264
103.518
94.7792
86.653
95.4568
107.751
63.387
89.8298
88.123
103.782
84.0176
108.609
109.228
78.0806
120.569
81
92.931
105.982
105.389
95.0616
98.8458
112.618
116.469
108.638
114.807
97.0716
99.574
72.8712
115.41
98.7562
78.6186
83.3274
91.8888
94.5054
79.3902
114.78
92.292
56.3858
105.365
59.3324
100.854
101.98
84.0812
95.7606
80.2614
71.4328
113.022
80.0466
92.8126
80.7552
91.4664
89.8506
86.4764
93.2574
110.018
136.399
126.164
67.6452
93.0468
106.274
116.142
94.3596
121.733
83.259
103.589
143.219
96.4416
117.294
75.8896
105.37
89.1248
82.6232
95.5314
94.529
106.907
100.357
66.4698
100.73
80.0194
119.416
65.833
94.781
123.187
86.3736
86.4198
105.78
92.7444
80.0368
81.0148
95.0624
99.4404
80.5498
93.2996
100.148
125.104
111.988
95.2518
108.981
78.2932
89.0058
87.6644
109.917
103.674
137.902
84.6998
73.5364
113.602
95.0064
93.7822
102.378
110.335
118.969
86.6994
83.5772
109.058
100.815
78.4188
104.582
98.708
113.464
76.8594
91.7834
113.83
99.8168
77.4096
112.292
92.9864
107.86
106.827
93.75
105.316
129.826
102.509
102.156
136.988
68.4494
88.1812
82.1142
88.3172
104.422
105.988
102.558
123.938
102.973
83.8358
72.2956
83.9724
95.0732
117.146
98.061
94.627
119.989
89.3516
79.8782
106.582
85.7598
112.667
101.966
102.897
95.485
96.4238
86.935
109.547
105.681
96.756
93.0768
77.7642
83.4428
102.212
77.5986
97.7992
105.995
99.4788
92.9442
124.597
98.1734
103.169
106.453
99.4102
110.502
73.9546
86.9292
102.361
97.3172
89.0438
104.263
111.987
110.622
103.599
102.164
107.273
79.4226
96.78
84.425
93.421
122.774
82.798
89.7156
132.156
92.5834
106.476
94.3858
97.6934
75.3712
84.3688
111.129
82.4538
76.2858
102.509
112.076
101.585
99.6026
102.727
112.629
101.995
105.79
83.4772
92.1882
98.5578
73.8518
110.359
109.975
84.6234
86.383
106.646
104.286
97.3982
90.6892
113.873
96.3908
120.33
88.3876
113.018
110.049
104.987
93.2182
107.687
134.194
100.583
114.757
73.3842
99.6056
89.3814
116.005
102.003
98.4022
88.3356
93.879
100.534
115.93
104.365
75.6896
64.088
82.369
76.3484
116.57
91.8102
121.374
103.715
95.6424
114.388
102.88
88.5162
97.6264
118.352
97.6806
88.573
114.748
96.3204
86.1378
113.523
92.3586
104.788
87.494
111.811
103.986
86.4724
114.156
99.4094
92.4806
97.9084
86.9328
87.3566
80.6594
123.704
85.5324
112.965
85.1448
99.9524
103.12
114.471
93.682
97.773
105.89
118.658
86.1798
86.6008
86.784
93.2194
122.099
84.6
106.559
113.553
87.4522
117.7
93.9982
95.9088
73.34
123.631
97.2204
96.1766
105.208
114.401
88.5758
96.7582
80.6246
101.699
92.0462
100.339
100.156
87.3478
94.1696
107.713
108.866
83.4656
118.002
113.889
91.4108
100.595
110.021
87.0914
79.8546
103.487
122.328
113.331
121.886
107.477
91.421
117.356
113.385
89.3906
123.375
100.083
78.8476
113.799
114.794
110.455
96.7556
104.767
76.9768
99.1508
114.647
90.1926
93.863
114.558
120.988
99.552
83.2978
112.615
101.813
77.7796
95.402
113.698
121.789
104.12
91.3126
75.8782
92.8782
111.787
105.163
100.678
108.476
126.898
98.1846
115.446
78.0676
69.813
106.816
119.701
99.5046
99.275
86.167
82.0436
96.2466
121.048
114.442
92.9996
93.0022
103.727
96.5038
73.6314
103.843
69.1138
99.1854
68.0796
76.5246
119.324
95.2236
105.886
121.91
100.128
86.1468
96.575
83.7308
95.253
95.1938
77.4036
118.486
97.9082
75.8242
96.1452
81.538
143.311
110.127
100.908
72.7628
82.4306
120.157
75.2798
86.413
89.5994
78.5342
113.887
90.769
117.018
96.0294
97.0762
122.274
116.133
100.928
115.231
84.7754
95.0434
73.5338
107.871
74.1688
106.133
94.65
84.0908
106.192
97.5532
84.505
96.0054
98.1548
100.142
122.084
92.467
94.3076
85.1168
97.724
109.062
92.937
94.6398
79.6144
98.8876
103.895
91.9364
97.3848
89.2326
92.7992
96.6098
106.076
87.1678
114.292
81.54
95.6778
109.831
79.6782
84.1248
94.7624
111.314
76.9824
85.7614
74.2554
95.324
99.1864
79.153
98.364
73.8564
98.175
111.505
98.809
91.3624
92.3858
95.4546
92.3202
101.9
124.376
118.123
90.0578
92.7136
117.893
72.6688
129.06
75.2194
82.7588
113.669
82.1198
104.791
99.0948
120.375
109.814
88.5406
105.881
97.5004
82.6402
91.2862
85.204
105.679
79.6918
122.83
94.975
98.2112
87.47
108.337
97.6142
97.4142
106.617
107.67
89.0682
104.204
106.776
102.367
106.007
93.3696
66.8976
97.5396
108.223
129.678
75.2926
111.528
122.316
86.534
117.113
76.047
83.623
101.865
126.065
98.2126
108.964
111.255
82.4838
90.1604
83.9216
104.526
77.7696
93.9446
90.38
117.2
93.367
87.9704
102.426
83.6814
82.465
77.9546
89.9824
96.5768
77.5726
100.202
78.2084
94.4606
102.153
71.0228
99.4082
89.345
79.3238
121.941
84.0514
114.511
114.826
95.502
128.48
102.788
81.4426
103.388
104.863
94.6938
109.503
115.132
92.2064
98.115
70.7156
105.829
123.584
88.7874
92.3772
106.445
88.0744
88.0364
81.8392
129.87
108.565
93.5962
127.031
103.921
102.377
103.743
106.183
78.0984
99.0788
89.9498
98.7244
119.205
99.5678
107.953
106.578
92.2502
87.062
117.491
76.6068
118.254
93.2592
90.2028
114.208
108.746
102.825
84.7708
105.368
107.339
94.7034
96.9978
108.552
91.8812
104.318
94.7914
121.747
89.8054
103.77
127.741
75.6524
127.753
87.212
121.213
103.534
99.2674
115.56
80.7428
89.8962
99.5114
82.7706
98.166
90.1702
90.5248
101.858
109.143
81.1326
92.732
96.059
106.796
102.033
92.5622
105.391
77.156
105.613
103.489
107.674
111.206
110.844
101.439
100.223
87.3378
69.1952
116.573
107.158
84.7154
104.887
79.866
109.453
111.428
101.221
116.749
96.498
96.9732
80.3102
110.564
127.589
107.066
108.908
97.613
73.705
110.345
90.5256
127.688
99.7704
125.827
99.715
96.747
86.2912
84.515
110.249
101.424
75.3602
104.501
111.116
87.936
109.39
87.4764
80.647
115.689
124.54
105.889
90.8306
101.812
93.5844
92.899
96.8578
95.4848
92.3264
91.5214
113.171
108.867
77.6974
89.9864
95.8742
81.1158
103.205
106.776
109.868
109.614
95.3414
88.8794
110.336
87.5892
105.319
116.48
134.203
77.8376
59.5308
91.6044
94.3062
89.59
82.2454
84.4252
71.1348
109.661
114.985
125.283
111.002
115.662
105.158
95.923
94.5298
88.0542
93.3936
94.739
115.311
98.111
98.079
111.459
89.0746
79.8964
91.2798
95.993
94.6798
108.493
112.921
107.844
82.4058
103.338
91.31
110.561
101.147
88.703
106.949
77.0078
108.132
86.1066
105.223
87.5048
85.9656
128.981
98.7032
93.1402
94.583
100.074
103.996
73.7996
98.1144
107.576
76.4618
77.3658
99.9382
79.8926
110.236
101.581
98.6518
94.7102
101.733
89.2226
132.393
118.609
65.0208
94.0218
99.67
77.2158
84.8728
93.1982
101.12
105.7
112.595
107.984
80.0872
106.376
93.8158
83.5424
87.9238
101.165
102.841
114.773
114.738
93.3034
97.07
102.296
93.2704
83.6476
118.654
82.282
99.4818
107.252
80.427
112.589
92.803
120.071
85.9326
73.1082
125.236
96.425
85.9696
102.086
91.414
91.6738
88.5798
108.17
106.678
86.0052
92.037
95.3908
101.066
106.114
86.8256
93.8428
99.7884
132.377
116.837
99.1358
76.5612
122.082
91.7054
96.5062
73.701
116.777
102.702
85.9274
105.787
144.542
95.7426
100.986
120.968
107.886
90.7228
111.665
118.918
71.9624
102.79
97.6726
98.4514
97.3266
124.515
94.2478
105.784
89.3748
98.5804
77.513
78.5522
109.255
97.6048
91.6418
94.1664
93.387
138.804
100.281
107.942
111.936
98.9758
90.1322
92.8744
86.1938
86.6266
121.617
106.078
96.4004
90.6366
98.554
106.618
97.3338
90.7804
83.007
98.4676
81.3354
98.0716
82.0276
88.0512
100.061
87.4416
88.1374
90.5518
100.975
96.1116
97.8656
101.432
116.059
68.9876
80.9212
81.7248
87.7392
98.1062
114.977
109.048
102.061
112.903
90.13
94.1182
93.1776
130.057
87.6924
118.844
102.913
124.352
98.291
104.775
102.067
92.9144
78.3532
112.46
102.601
92.423
131.214
100.11
84.848
97.6876
107
117.855
101.58
116.561
92.2128
84.1124
100.918
114.265
98.0004
77.2262
91.5924
98.0514
142.082
94.0956
110.442
98.7268
84.5378
130.633
87.5664
110.664
85.1122
65.6906
89.3258
108.331
113.964
89.7808
105.615
103.404
99.084
126.54
107.843
109.385
85.5536
98.9966
104.777
120.438
109.252
91.9178
83.3866
113.108
86.7684
110.331
110.423
98.8598
126.545
85.9228
116.16
109.888
107.161
86.2962
89.1596
95.0616
109.036
97.8826
116.914
87.037
83.8088
92.4564
105.613
110.795
83.5776
81.6846
104.972
101.886
87.67
70.7974
108.493
114.888
85.681
101.301
128.706
105.36
111.269
123.49
85.1198
98.5882
98.9888
102.492
84.4136
134.988
109.235
75.2094
106.742
80.5618
85.8404
100.935
112.028
116.575
120.433
105.22
105.435
113.304
105.222
110.965
96.1278
101.542
91.9984
111.485
94.9194
88.4656
110.684
94.7234
68.792
85.2998
95.3276
86.6198
83.9316
97.1546
100.477
96.5626
86.9174
104.422
88.0894
91.9672
91.5992
112.075
110.845
103.793
108.028
95.5946
98.6426
105.694
126.167
79.4316
106.42
81.7418
92.1156
105.973
107.789
93.2116
77.0406
100.559
95.0214
106.494
90.2088
97.3694
91.6514
98.4438
99.8762
110.067
96.146
89.3808
106.158
93.016
103.517
89.0996
115.688
87.8558
95.9006
95.7106
97.3442
71.3352
83.0656
106.386
102.935
129.153
77.003
107.774
91.2064
95.7274
118.583
82.1194
83.5148
106.966
93.8414
75.5348
91.8972
107.491
102.248
140.464
96.1836
88.5966
107.803
108.492
95.007
102.297
80.3378
96.596
100.223
114.308
106.116
122.071
109.618
118.206
111.822
93.638
115.457
107.303
95.383
76.5888
77.5458
94.787
85.8192
81.4602
88.6224
101.349
93.257
96.2798
88.7508
116.096
73.9878
106.841
95.3126
81.4858
94.8096
96.2162
98.0188
102.597
83.829
105.414
80.2576
105.561
105.902
105.851
102.81
139.122
90.7092
90.8392
104.364
84.6146
94.2884
91.905
98.3042
94.8192
110.497
95.1338
88.9628
101.835
107.773
97.5668
116.652
100.109
103.265
112.813
114.055
68.3042
133.082
96.6634
124.142
109.102
113.534
89.1404
125.375
100.205
111.104
94.1684
93.9216
93.8582
112.861
97.5572
86.6946
109.232
115.143
98.3608
73.781
120.016
76.2574
126.24
85.6324
105.983
90.2344
115.735
103.393
106.658
115.277
95.1776
110.482
106.128
77.2996
101.304
83.8514
97.7124
92.114
101.816
80.7038
95.902
106.387
79.7608
111.423
102.13
107.766
99.793
95.3978
78.4358
117.676
81.995
107.562
129.435
114.397
88.414
99.488
119.891
108.898
101.291
105.424
79.9846
78.7452
103.093
118.062
92.2724
107.727
93.2638
112.231
124.259
111.908
101.54
103.791
98.6924
92.504
108.893
124.51
85.0308
103.971
79.7692
108.065
93.1426
89.6076
120.782
82.3232
100.055
88.4404
106.778
89.6802
108.823
82.8642
114.826
108.912
113.621
80.6142
92.7284
101.35
83.3938
97.4652
113.141
107.642
90.6732
114.374
85.303
96.4586
95.9286
88.4924
85.7062
97.1008
98.5964
93.6208
108.067
88.6406
93.1706
85.5792
117.602
94.3692
103.642
87.5998
99.0714
82.1154
108.889
101.875
88.402
120.478
63.4468
94.934
72.5406
84.2746
92.7522
91.8906
103.658
89.4142
106.973
93.9632
81.5568
83.7678
73.4232
89.5462
113.853
88.8952
100.323
97.1222
102.745
100.374
86.369
84.8084
91.5202
106.816
95.1628
97.4974
124.515
80.5124
96.993
106.683
103.042
84.8044
125.435
120.927
107.608
73.5552
101.005
97.5568
108.511
82.6518
107.053
84.9318
101.341
92.109
132.032
83.5236
112.48
101.522
100.697
98.5254
91.9934
98.3164
70.0946
89.6442
111.9
98.3044
99.4718
93.6934
101.69
73.0406
84.626
94.3686
81.8486
118.52
108.992
98.8148
96.366
112.519
107.999
76.8496
105.247
99.8898
103.634
108.799
114.286
97.0428
118.981
70.703
89.5288
81.0322
128.859
87.8576
70.508
88.4386
101.985
94.3278
126.895
95.7442
107.032
76.5126
105.178
81.677
89.4286
96.9448
99.6446
100.199
105.552
92.7528
98.2756
99.282
72.9986
74.3916
111.245
91.2714
103.141
85.4532
115.081
86.5922
95.0712
117.947
126.582
98.8992
98.216
114.737
107.42
124.172
103.675
107.748
95.5066
108.468
115.949
100.562
88.163
133.78
101.291
100.46
113.973
85.966
84.61
81.3512
86.022
97.5716
97.3434
89.91
102.91
75.7746
110.513
88.762
85.7484
87.7678
79.823
73.1258
99.9322
113.827
105.477
82.8368
113.943
132.358
103.606
98.7108
82.1286
103.235
89.7104
125.984
144.311
72.7122
96.072
84.8364
97.7646
90.2382
114.011
99.7578
86.577
100.426
90.2984
109.984
104.615
90.8072
104.202
122.747
92.9372
130.743
85.5392
103.68
111.322
101.056
101.556
78.5258
137.848
106.901
91.5686
99.3808
103.576
113.12
107.768
86.6318
95.2038
120.601
75.1544
110.445
129.291
92.1732
111.487
106.228
92.021
105.886
81.0496
91.2696
98.3608
100.96
76.3618
93.0842
93.2718
106.999
112.147
95.6952
94.1922
95.0018
108.775
109.882
98.6694
83.639
92.6694
117.827
116.151
86.0122
115.555
93.741
87.3558
107.463
105.36
104.785
123.058
106.817
94.5412
96.779
114.735
111.156
88.7156
106.205
107.496
104.215
103.862
103.576
112.067
85.3004
97.5764
89.5858
110.575
93.422
73.4732
89.0756
96.4514
105.818
92.0112
114.053
129.231
95.2016
87.9808
68.1648
96.8936
88.5412
103.464
91.7606
110.469
93.7086
79.6298
112.875
71.8988
78.4156
81.312
112.511
83.949
96.6716
92.768
95.7904
108.6
100.845
111.52
114.56
117.89
84.7886
100.819
101.027
109.758
104.167
94.5658
120.685
94.4616
119.851
64.1032
106.211
96.3372
95.1148
83.219
82.6944
93.2386
76.263
73.9508
110.427
96.365
101.167
102.897
92.7804
130.685
70.69
112.15
85.5668
134.716
115.668
107.17
107.167
102.683
97.3226
99.6874
99.7278
88.8328
100.772
86.76
87.0336
96.0964
88.2216
99.1692
91.2742
95.739
85.3002
102.104
102.265
91.892
90.859
105.358
91.4148
91.3516
97.4998
93.025
100.716
98.522
105.907
97.694
94.0054
106.774
90.7034
96.72
84.8988
90.8072
100.196
101.803
98.43
79.3346
128.986
108.095
132.06
104.195
85.3778
91.5876
94.7812
100.093
99.1454
104.519
75.1966
97.435
88.5874
102.038
109.148
117.9
107.492
104.278
110.905
115.771
126.713
92.2914
95.222
95.0926
92.971
125.014
107.99
108.537
115.035
84.9102
97.4974
76.019
104.016
94.7482
93.629
121.862
110.411
94.5912
85.1044
101.036
111.854
83.8778
108.121
113.431
96.7574
96.787
86.414
92.7482
94.5204
79.3382
111.786
115.395
87.885
108.092
87.2912
83.6878
87.5064
100.05
94.145
114.108
82.5212
98.4504
87.5612
118.037
97.2192
123.662
96.0732
96.8486
105.173
108.048
84.1694
94.7968
106.256
84.2492
81.9142
77.104
109.107
79.6146
117.533
93.4768
76.5042
98.7968
81.1342
109.519
127.222
98.9724
94.5004
78.766
125.234
92.8574
78.922
86.9554
131.403
115.713
86.097
121.865
77.0032
83.05
100.036
85.0766
85.8436
91.0878
108.448
79.6822
79.4262
104.758
109.727
113.36
96.1218
91.3948
126.102
70.8314
83.197
81.411
77.54
90.2294
80.159
114.892
75.3506
95.2244
114.182
114.311
103.378
90.9678
87.8986
89.849
96.7512
83.7206
87.8812
104.29
100.113
72.6936
90.8296
103.335
86.9788
104.975
61.4874
76.553
100.756
124.042
83.0058
95.4638
102.3
95.5478
98.1692
99.3118
100.416
97.475
91.3374
118.654
109.52
118.863
81.895
146.016
107.232
86.7056
99.0522
94.3138
98.0386
105.797
108.342
87.4936
117.832
97.1794
101.7
101.375
93.8786
135.262
96.058
109.25
105.08
111.808
90.1642
115.202
100.592
81.014
106.828
114.547
86.3796
88.0696
89.8446
97.7758
101.477
70.777
105.315
100.47
94.5224
119.586
83.4594
87.7672
106.589
93.938
111.722
96.4152
92.297
110.622
112.033
89.142
127.259
92.101
105.068
97.4136
102.547
91.44
87.5138
100.012
103.304
83.3234
75.1598
90.4606
114.849
98.4554
102.147
103.521
121.806
113.069
83.805
104.225
80.6146
92.8158
99.9436
80.2564
110.385
101.032
108.91
127.216
86.7518
84.21
85.4224
90.7554
107.52
103.977
106.756
84.9618
106.071
104.019
121.137
120.451
105.004
86.5166
103.45
125.608
119.402
113.534
94.3222
98.3814
75.492
87.3108
82.7868
93.4934
108.435
90.0608
115.972
93.308
92.6272
71.9526
94.3562
116.755
91.165
100.785
77.307
114.789
95.6442
119.594
104.493
105.24
107.054
90.5366
115.592
107.531
111.148
86.1702
97.161
89.0984
103.894
101.571
95.1564
90.8326
78.6572
116.092
97.5106
88.8096
76.9462
95.3332
101.029
85.6592
82.0396
102.448
104.513
115.888
115.598
94.4
110.507
100.833
69.5046
94.2972
96.6456
122.165
96.458
119.121
104.23
87.29
107.621
100.357
82.8848
92.5732
86.4782
87.1138
98.7916
90.5272
105.001
97.8624
100.967
86.8414
107.229
102.293
92.6274
110.51
103.567
87.7386
131.305
111.597
127.086
84.2828
86.8474
97.1734
133.95
95.1246
100.355
111.405
87.2834
93.1394
88.9182
94.8876
105.904
85.4758
111.183
75.3706
100.648
86.9224
94.6976
108.907
63.466
96.2028
101.457
115.576
94.106
81.3176
87.8574
84.468
104.578
119.795
97.9678
104.441
123.393
99.5072
85.1752
109.137
93.2936
109.559
86.9204
99.8436
101.3
97.2464
101.431
67.8148
108.602
119.408
112.95
113.18
112.406
100.412
95.7446
102.231
94.1138
110.813
94.4594
99.6758
100.996
101.705
96.5882
75.8056
127.966
117.754
106.123
84.0562
109.87
90.6038
99.9082
88.3746
90.3408
96.1102
100.105
96.904
102.984
89.8874
111.266
109.366
83.0768
128.113
121.383
106.677
104.85
74.1756
138.077
134.05
104.955
87.1402
88.1328
79.2248
70.1004
114.843
99.1976
92.141
70.9654
79.0786
91.9742
97.5374
90.0422
86.2322
89.2426
107.273
106.639
89.6286
97.8878
90.1374
108.311
106.182
84.065
94.2656
112.09
79.88
118.408
95.5622
86.7836
88.4438
94.1708
91.9336
104.216
101.43
95.8468
116.014
77.2334
100.066
86.6572
104.758
93.1532
100.54
114.683
94.674
85.6618
92.2444
80.8456
92.9322
79.0356
100.135
106.343
99.4826
83.7602
104.832
105.106
99.5492
95.9026
111.85
111.502
119.117
158.132
103.188
93.5688
124.37
113.552
129.099
134.373
87.2844
93.5562
112.335
107.506
81.3382
93.8324
106.614
125.947
96.2526
104.248
114.197
94.7548
87.1248
94.8116
131.577
87.4186
87.4148
87.7436
109.127
118.523
109.452
76.8748
103.192
109.663
98.493
100.983
109.205
83.3452
83.9632
93.9656
95.4444
111.506
99.2578
95.6586
89.8274
111.573
94.595
87.6476
97.6826
84.3764
99.343
116.295
84.1426
79.8614
79.0634
91.995
97.9186
108.133
90.3708
84.734
117.257
94.4786
126.483
131.343
90.801
93.6234
104.863
115.029
109.572
93.0038
106.921
134.452
96.7522
118.254
110.871
103.84
114.668
98.1694
89.044
102.752
77.8892
72.4244
84.5104
112.86
116.774
110.813
103.515
80.4032
98.1964
93.515
84.9028
77.6768
99.1978
74.477
76.8642
80.308
79.042
132.121
97.4274
112.461
122.05
118.038
83.8316
114.412
92.7828
84.1242
97.2216
122.501
104.458
98.9808
118.783
110.979
108.327
75.9812
110.684
106.482
89.9988
86.7178
105.596
97.4438
102.112
87.15
105.062
76.7378
73.017
112.47
114.803
116.509
79.4812
110.931
81.2238
95.4054
112.999
102.14
104.411
122.899
102.376
105.017
94.7746
104.138
97.6496
103.736
90.7146
127.652
103.43
109.445
93.8688
87.6994
110.622
109.906
102.529
70.2346
92.4134
104.89
74.5096
106.487
113.057
89.8514
116.255
97.9828
103.86
84.7704
88.276
82.8506
89.7314
121.139
89.0832
99.8436
89.2562
96.456
124.749
72.0336
100.164
89.4734
136.759
70.9152
106.084
90.8258
117.464
114.385
89.0338
105.84
68.2376
69.2586
94.3696
126.486
85.6958
111.571
107.618
99.2854
102.83
91.042
87.0846
91.7276
122.158
83.058
112.972
92.1286
93.7356
119.674
128.139
97.2158
81.2854
80.005
73.5046
99.8024
86.0788
123.741
82.5162
98.844
83.4706
104.419
100.788
103.273
83.2246
103.085
88.8964
131.74
113.223
94.0792
102.052
113.062
102.73
98.165
94.5518
112.658
107.413
96.6366
110.162
112.073
80.9526
93.1282
93.095
81.177
78.992
81.7704
91.1586
116.603
82.2242
99.1332
112.673
97.6576
105.856
104.573
110.512
72.763
105.924
95.7846
98.2598
109.621
120.778
110.978
111.814
108.893
99.8648
114.797
133.247
105.968
106.424
97.3468
80.851
106.706
106.136
104.565
96.5694
108.19
125.049
87.4974
104.961
119.846
86.4506
76.7334
86.2724
117.567
120.376
90.6036
110.771
80.1132
75.392
98.844
94.717
110.196
89.5604
96.6618
93.219
114.517
102.405
81.5122
98.8526
79.8172
102.498
71.1554
92.9064
83.2312
96.59
101.32
112.905
90.377
98.1806
107.667
96.746
99.7284
92.9276
93.4844
87.356
90.887
132.072
92.519
80.4382
115.788
98.752
84.1434
106.892
110.359
103.105
90.74
79.3706
88.224
101.313
99.697
92.5542
73.0006
103.002
105.115
91.0594
103.768
96.4678
102.929
88.6782
87.1712
116.872
69.2056
99.5526
98.8624
112.455
98.071
93.2802
122.36
100.266
99.269
86.281
99.518
98.6288
112.012
98.6456
106.742
100.541
82.1686
83.0652
123.259
113.315
102.562
100.704
83.2448
83.6058
93.2106
101.957
92.9258
85.2662
91.5022
112.313
93.7788
94.0866
112.11
103.017
113.018
90.573
95.9538
83.7788
104.334
95.2058
82.432
91.5184
107.639
113.244
93.9864
121.457
94.502
101.933
95.3482
116.307
109.977
103.169
86.953
97.4942
98.5162
104.797
114.235
88.6106
102.714
114.005
84.2738
101.963
112.611
81.544
123.691
120.281
100.771
112.748
96.3438
93.573
95.6168
115.079
87.6934
84.8874
103.257
121.94
130.923
91.3622
96.4886
137.946
107.222
122.41
108.766
124.864
97.6768
113.456
91.525
93.6312
102.284
102.478
101.636
84.163
98.5474
86.2504
93.0646
118.934
97.9218
93.4344
82.2244
102.034
67.7686
134.254
86.804
97.849
104.58
91.8764
122.376
87.915
96.281
85.1528
118.755
97.8076
85.9734
58.5198
97.3496
93.1192
87.2242
107.209
80.8624
86.9766
120.276
116.456
93.7014
111.431
95.7158
118.138
86.1206
85.8698
108.88
86.349
86.1436
120.076
92.1438
114.888
93.5372
85.4226
98.7618
88.1812
98.9074
131.883
91.4368
105.213
88.099
96.3018
95.416
114.243
104.512
103.732
118.558
139.071
98.1472
89.7148
122.809
110.548
100.298
79.461
109.426
100.011
97.3272
101.556
85.3898
120.179
85.9292
102.135
104.811
78.7732
118.58
87.2094
91.9004
89.3682
123.672
122.755
102.463
94.1874
87.2368
100.792
110.401
84.1744
89.451
105.527
82.9674
89.8942
92.0302
83.9904
100.862
118.428
93.4604
101.536
89.9522
123.84
136.317
123.918
106.954
83.4
96.1434
98.7748
107.857
89.4068
89.4516
85.195
85.5582
120.685
92.9482
90.0892
90.5842
89.2798
111.6
108.213
108.864
101.015
92.202
93.405
102.876
98.1494
82.0184
86.8682
73.3064
90.8282
99.204
111.838
79.9962
84.0992
86.5622
87.7018
92.6156
107.075
104.415
92.8324
98.0834
88.1896
94.6978
102.323
76.998
88.6316
101.935
95.3666
100.809
104.344
101.91
92.5342
91.7824
117.067
91.3718
97.4958
100.653
122.558
74.7
89.2542
82.4678
130.782
99.0652
88.084
120.009
83.6614
100.55
87.1086
94.4984
87.6666
104.5
123.318
88.0858
79.1516
93.9896
81.618
100.118
105.753
92.0298
100.855
69.2206
85.7254
69.16
112.329
107.822
99.7866
101.02
100.192
77.651
118.312
80.3218
99.7086
96.8362
96.298
70.7336
101.543
99.929
80.5572
100.357
110.56
92.4272
79.0016
97.1534
108.707
105.19
112.867
114.136
90.0308
78.5538
83.621
94.3402
83.8254
99.618
106.577
111.585
130.487
106.06
81.2248
79.4872
109.047
107.142
81.1178
91.6118
88.9524
97.7414
90.0758
92.7294
95.3124
79.9894
153.352
120.22
126.801
98.1438
107.905
95.3422
98.9234
112.097
130.981
90.9042
102.601
106.279
118.039
94.1864
106.287
85.02
134.107
100.683
114.06
91.3412
88.3596
97.711
99.1064
77.979
109.887
130.802
103.747
118.608
103.62
82.385
98.8952
106.526
98.8698
74.1324
105.313
123.264
91.9056
104.521
83.0708
121.833
86.561
101.519
102.692
106.5
86.5394
106.399
104.994
94.5214
125.787
117.181
100.691
85.3204
106.121
110.167
114.158
93.5638
100.382
90.0356
115.194
90.791
108.03
82.3302
92.1122
106.957
110.083
109.857
83.8982
130.775
104.821
99.8634
111.131
101.255
95.3982
124.494
97.0664
101.273
108.143
95.9272
131.043
90.002
90.289
101.856
85.652
88.854
90.9808
103.617
111.521
96.9418
103.762
99.8656
104.69
96.7674
126.263
91.8072
114.694
98.59
98.6876
94.5736
63.0488
108.201
78.3584
99.83
122.98
75.7516
103.954
106.655
91.7514
87.6528
96.19
113.833
110.503
118.242
95.9384
106.416
112.767
84.0724
85.5778
97.6854
89.2172
97.2638
95.8642
66
102.341
86.0746
117.463
139.064
102.033
85.5938
90.1018
101.155
104.789
82.7666
116.611
88.4324
78.1864
103.541
73.0542
106.285
91.982
84.548
103.549
86.7204
86.9714
84.6448
89.7198
78.476
83.7298
79.9838
101.516
83.6884
127.076
96.3776
111.14
108.186
91.814
87.5802
101.912
92.5264
107.288
119.402
89.7432
106.686
89.4348
93.3726
82.4212
77.7864
103.009
110.222
122.315
116.871
103.195
106.32
120.957
118.531
110.924
93.5764
106.551
68.857
94.7
99.2292
90.905
102.786
96.4104
90.5604
107.834
113.142
74.8978
115.285
102.905
86.0562
100.691
104.91
100.869
79.5244
124.608
96.9858
119.744
121.3
99.0932
104.629
83.4108
103.209
112.363
107.508
101.095
114.98
95.6308
102.079
95.8536
87.1018
74.4718
106.966
96.2194
83.0644
91.4372
105.506
93.6398
110.72
88.2756
95.218
104.978
75.1672
112.454
94.8996
100.369
102.513
100.253
82.847
107.898
116.835
104.296
103.825
120.404
91.63
94.8346
97.8348
123.629
93.3912
107.105
92.3474
79.73
96.9134
88.5222
113.057
105.487
104.945
98.0386
90.623
83.4606
68.3626
95.5822
89.3036
77.607
86.6406
92.6406
118.125
90.6352
117.079
89.692
100.069
102.421
89.7002
97.2102
122.616
87.0564
86.662
99.7422
102.196
93.562
112.764
105.858
88.7802
99.4332
87.6538
86.1344
109.634
89.867
97.3546
90.2388
89.5608
83.0914
78.0924
92.2724
93.772
131.285
96.332
84.6316
122.798
81.36
103.332
93.031
128.941
108.262
99.5824
104.972
120.941
81.5608
103.84
101.809
77.227
116.907
94.9024
107.017
116.953
111.565
117.619
115.722
82.561
86.6212
98.9032
101.8
115.625
110.643
101.054
89.788
99.3466
75.2956
115.304
87.9774
97.6814
92.9982
110.416
85.2472
98.428
99.8158
91.2994
94.2038
99.4758
90.2152
87.2406
72.107
105.837
85.6054
90.3506
122.893
92.8312
100.002
91.0122
88.9334
77.0692
114.509
111.386
101.945
85.9606
97.0592
101.525
119.012
96.2436
81.7498
93.9012
83.3796
71.2562
86.77
92.621
119.213
94.3554
73.8142
111.531
100.32
104.727
92.9766
99.6752
94.0036
112.909
93.2848
107.325
86.1902
93.173
96.9876
99.59
102.347
92.045
94.7376
79.2296
93.8948
132.285
100.975
85.3746
108.796
96.4282
103.352
111.268
112.146
89.797
104.359
87.6008
124.436
105.098
92.122
110.112
75.649
99.06
100.313
95.7618
103.198
82.3276
81.608
116.076
98.6262
136.776
96.7688
115.707
71.1576
98.9866
96.9618
96.5918
99.5322
81.9444
112.899
123.601
87.7748
96.6776
70.0674
93.2468
95.0314
111.21
94.6358
105.613
121.245
121.179
110.983
80.9128
99.725
86.872
94.404
80.402
113.885
97.3908
126.304
117.365
103.543
96.867
114.454
81.5142
83.918
84.7568
103.098
123.166
108.601
75.6576
83.2804
92.6722
103.356
104.645
111.571
82.8834
111.206
100.341
100.298
131.025
91.9468
99.8302
92.0296
89.7868
109.552
97.9778
65.954
94.0496
92.2706
114.108
105.268
93.9888
115.448
109.765
90.4522
86.1944
82.7074
100.003
92.4576
104.614
102.77
117.2
97.4004
83.733
109.387
96.4964
96.4326
104.569
98.1192
103.763
86.1554
79.408
80.3322
93.5018
85.428
107.672
103.191
118.441
84.4298
87.2324
106.239
94.397
83.4398
93.6056
102.785
74.1126
104.088
92.7178
113.255
125.179
123.15
109.931
116.384
71.6414
113.037
117.231
112.669
101.082
123.325
99.5596
90.0928
111.428
94.351
97.7022
76.789
98.3854
105.934
108.89
92.378
97.5758
89.1824
101.183
91.0916
117.133
80.7088
110.25
108.659
90.2288
91.8148
99.6294
92.823
87.8094
112.399
117.19
81.6674
84.6152
76.9018
98.6944
103.359
94.7528
114.103
117.658
89.354
98.1718
86.4256
96.0024
88.5778
103.195
82.6198
99.1728
83.5654
95.7562
102.194
91.255
109.089
101.438
118.075
103.097
113.63
99.808
91.035
123.254
116.019
94.8776
92.2552
113.132
98.1978
90.851
108.516
105.893
107.86
100.521
120.706
91.566
97.7256
119.847
98.693
102.703
102.849
84.1874
91.5698
85.8884
101.239
111.399
91.3448
107.955
94.6044
91.8336
86.8292
102.911
120.032
101.3
96.3652
124.83
113.889
95.9226
111.438
106.75
87.5036
91.3932
79.9664
99.9976
82.905
107.908
93.8784
93.056
86.4426
100.605
80.234
109.204
109.929
96.3372
83.7334
123.194
124.203
97.189
104.792
106.031
107.775
98.2078
89.329
92.7764
93.8848
86.9968
94.5928
97.22
112.63
81.102
89.15
103.695
77.421
105.979
97.2534
105.695
89.287
104.261
103.005
102.784
89.2472
113.03
91.462
81.686
86.2878
106.76
100.59
95.3498
137.399
110.216
100.934
108.622
94.9282
94.7854
100.089
96.0986
80.6734
83.4798
92.0546
98.9502
93.9696
112.383
110.884
85.839
100.26
95.1208
129.609
88.0052
106.013
88.9296
84.7252
105.82
105.952
106.468
99.6906
105.366
98.4636
92.9226
82.2114
144.664
74.1398
90.2044
98.0226
105.354
126.504
84.4334
84.5292
92.6986
79.121
101.405
79.4898
83.4848
113.311
99.4698
98.7514
102.819
102.918
81.7316
93.2738
78.3578
106.521
88.4244
107.303
128.486
86.4436
105.974
81.0458
75.689
96.8938
97.8196
88.2568
89.8764
92.3814
79.4534
97.733
80.6706
100.095
106.39
105.983
112.017
97.9346
118.067
101.573
96.9054
90.4596
92.6122
95.3452
74.5018
86.8704
84.2554
101.127
81.9214
104.271
94.2062
107.71
88.0318
86.0038
95.872
93.3186
104.488
94.9048
121.209
103.764
95.4728
117.558
72.6784
107.775
120.49
108.038
125.97
96.0184
99.103
92.2802
112.054
106.599
120.727
112.125
89.901
91.7802
120.836
105.004
103.321
109.787
111.978
85.9854
94.6352
74.6534
90.89
105.212
99.1444
95.9722
90.8876
117.971
95.0816
112.859
67.9212
91.4576
131.133
103.622
111.036
65.5246
53.8872
121.146
118.53
119.961
91.7576
110.079
101.051
97.5978
71.7576
117.761
82.3152
117.087
79.8894
102.885
126.475
86.1452
89.495
98.4064
85.182
99.1306
91.5276
113.741
92.3576
89.5146
92.0986
108.588
111.221
100.449
87.9796
115.877
82.6686
100.368
103.915
96.986
99.9898
95.1312
97.354
65.3544
90.2928
107.731
99.842
111.54
91.0252
99.3478
114.185
93.2764
118.001
86.7168
90.846
93.118
111.129
86.3832
112.95
117.164
69.3758
78.655
93.2282
119.937
127.54
107.116
95.1424
84.8292
69.8478
105.203
102.689
83.5106
110.886
87.0916
83.0948
88.704
109.584
89.247
96.189
87.7022
84.6304
98.3814
84.1904
99.8592
84.878
88.095
86.4918
78.9492
95.9866
68.7378
75.9192
94.453
103.768
85.251
104.945
94.42
111.492
123.442
100.291
99.2946
86.146
116.804
82.1564
121.854
104.373
109.255
106.716
104.655
94.4448
112.989
96.1904
93.8002
99.1302
103.395
122.99
111.825
113.049
97.1342
99.8806
104.086
98.0846
101.776
103.064
101.029
106.619
87.7478
73.4986
88.4028
98.182
101.725
76.286
87.0068
92.501
79.37
82.101
89.587
94.5874
96.0508
107.639
103.107
105.131
114.596
102.114
67.8408
104.738
68.3846
95.9672
85.494
114.788
97.635
105.178
96.1486
100.085
90.0724
80.5512
89.3598
78.0824
101.207
86.2586
74.7126
83.9752
105.638
140.967
87.4818
97.1348
58.744
93.9768
85.0554
92.024
87.2222
99.7682
124.262
80.3672
87.4938
98.4954
100.379
115.898
95.574
90.3866
77.852
93.7992
89.6364
89.6692
114.887
102.94
73.633
122.579
80.3638
95.0478
87.6118
115.509
93.3144
100.47
93.6832
86.6634
141.349
100.879
101.311
110.523
95.249
112.044
107.185
103.591
120.411
107.756
122.132
83.0688
91.7998
100.866
78.0666
113.65
101.47
96.6648
80.9646
90.9854
107.885
99.9152
93.6574
105.087
103.398
101.842
96.1072
111.701
90.7584
109.944
85.624
106.985
86.267
99.1802
123.219
90.2072
102.553
99.5586
109.504
114.51
101.197
108.752
84.996
82.6534
148.96
124.488
120.632
106.493
94.4636
85.9998
88.3906
90.156
80.434
125.344
103.146
69.4332
113.404
107.667
103.068
100.334
100.639
92.6852
93.3212
80.7946
109.865
102.084
102.706
116.946
90.2418
70.912
98.0376
100.014
86.1522
104.838
112.817
88.8588
95.653
109.621
91.598
96.7214
96.7878
102.723
96.2668
128.504
98.4342
101.032
108.647
83.5296
142.982
116.533
99.4688
100.425
108.499
109.822
90.9984
103.254
116.47
131.931
128.978
105.779
95.9552
92.0716
124.412
87.918
88.983
93.9042
94.5154
114.535
82.2876
76.498
67.3408
109.918
91.2984
87.9244
78.0364
105.868
101.071
85.8176
89.2894
136.255
89.746
107.703
102.914
93.2544
96.2616
90.4368
85.8184
94.8784
137.988
102.248
73.1234
104.189
95.8144
104.615
82.6122
92.3828
94.6734
120.334
71.2132
99.9964
119.699
115.325
107.548
91.4956
107.398
93.8368
104.891
89.5972
93.8158
104.055
88.6754
113.018
106.76
116.281
66.1966
110.804
87.6958
87.2192
104.137
103.863
82.1722
108.829
129.401
86.1556
76.2582
104.098
91.0746
89.1856
99.8334
92.3652
91.1042
72.1248
119.203
89.0734
114.845
75.097
115.142
116.035
92.0678
101.862
96.8058
84.1246
90.5028
104.198
93.0918
105.88
113.376
75.1374
67.233
99.3492
100.287
106.276
93.8122
79.9684
95.5712
81.215
75.215
98.2168
78.6028
89.3222
95.8692
84.9496
121.959
119.512
84.8302
82.9356
100.813
97.5336
108.437
89.2964
113.621
100.791
103.812
94.4776
91.9054
103.6
110.174
89.4832
78.9626
81.9516
135.372
97.7316
105.542
79.1552
96.4562
115.307
101.418
96.4386
128.014
95.6284
106.047
103.151
105.034
134.478
86.52
101.111
106.69
94.5138
92.7524
99.3018
115.545
116.934
87.4198
87.7326
81.8648
82.3536
85.3286
104.656
100.976
101.756
123.061
92.8912
102.683
94.4982
93.2778
76.8094
71.2742
95.2686
108.66
89.6494
89.9716
101.705
89.4656
73.7738
118.183
130.6
98.2898
102.303
107.785
83.6424
111.845
80.4388
123.902
94.5578
112.478
111.625
100.606
93.5334
107.231
82.844
114.157
107.824
97.0594
78.371
105.348
96.301
86.7146
90.4996
123.043
93.0618
100.627
118.473
110.592
84.0106
122.726
154.161
119.167
90.0352
86.687
100.749
80.9112
96.9052
99.5812
87.8536
91.4644
111.219
101.258
90.5546
92.8598
99.4898
85.7502
76.3758
86.9332
85.8686
82.4382
108.237
84.9854
105.539
109.507
93.7598
89.002
83.6508
96.3514
109.902
92.2476
96.9722
91.2654
92.7982
91.3964
83.5652
104.599
90.5316
103.771
73.2788
99.1802
107.732
134.67
87.6712
71.378
95.7922
102.201
102.996
122.738
78.8746
113.631
80.5426
98.2808
95.6726
96.0166
100.87
97.4904
110.614
81.0828
116.331
103.674
106.428
65.707
78.6634
103.446
76.4288
107.494
92.8224
93.7808
86.056
116.203
112.387
112.879
102.554
71.198
120.494
87.6452
75.7192
107.192
103.295
103.012
107.198
117.677
89.5258
106.765
97.8572
95.4542
85.4256
101.456
92.213
91.0272
103.568
85.833
113.591
103.979
120.53
111.085
87.7858
125.97
88.553
101.795
92.9756
97.699
95.5472
80.7318
110.324
95.404
107.554
86.0632
111.121
101.149
110.502
83.167
93.1292
115.653
93.5404
105.639
120.106
103.642
116.221
120.372
86.1308
65.92
102.928
98.145
86.4288
77.4842
80.5284
121.201
102.722
113.134
90.909
93.7076
117.235
100.037
105.922
100.989
111.56
94.3806
90.7174
98.0774
74.2126
88.8736
100.94
120.616
96.3242
70.7976
82.0282
110.451
101.796
111.464
84.7058
79.24
95.5052
85.6836
86.4518
70.8876
106.283
102.639
85.944
89.4414
82.0144
105.235
68.1926
94.7076
100.318
76.2902
90.263
61.7796
113.79
97.4724
108.424
124.919
109.799
99.4288
104.21
117.745
107.295
101.31
103.062
94.7574
93.0128
112.639
100.683
108.551
81.7238
104.277
115.641
91.7896
105.093
65.2182
125.174
110.701
119.153
117.765
93.6454
110.443
96.514
73.0776
96.4032
78.7856
90.9348
97.5696
83.8414
86.0594
88.5912
95.7496
81.9436
85.2202
81.0802
98.0706
95.586
110.778
123.831
110.821
85.8588
93.9562
95.4218
106.615
119.264
102.463
90.9074
118.662
106.661
89.3962
93.6722
78.1726
95.7808
110.505
103.436
63.2598
85.0006
85.6716
96.2546
114.754
121.854
100.795
90.2538
88.0964
110.187
149.717
79.4032
107.384
107.784
100.034
78.8368
95.4702
101.951
93.4802
82.984
98.867
100.041
87.8314
101.089
108.992
91.3902
97.096
110.6
117.949
102.449
106.482
83.52
110.105
117.923
77.1114
78.9812
91.3532
133.004
97.5276
79.1286
92.6348
85.9588
100.554
99.2632
99.6038
103.569
118.354
101.937
93.8382
78.0796
93.4694
103.183
87.7248
88.2206
85.6124
109.189
95.7106
102.407
94.3224
98.184
89.074
103.902
94.7618
84.727
92.2762
125.042
85.6518
94.0188
111.792
86.3204
95.507
91.3638
97.0744
85.8444
98.9086
95.9628
107.627
113.936
95.8002
120.612
91.242
110.623
112.436
59.8982
110.652
95.4222
81.1608
101.973
99.623
117.384
116.148
72.4034
100.999
104.817
113.695
95.0014
109.54
122.211
85.157
71.2178
70.729
95.7722
106.678
89.0446
99.5884
78.6804
78.8658
95.8416
103.987
95.3924
104.485
108.431
95.8812
106.145
109.211
96.6022
76.6976
97.189
92.072
103.271
126.646
88.3516
96.3264
123.487
123.324
115.689
117.208
79.6726
91.872
82.293
103.538
98.9442
117.082
104.999
100.209
95.9992
118.941
110.685
88.7412
122.585
119.779
87.4092
100.289
92.2788
95.7824
74.699
102.374
61.8456
91.4646
90.412
104.5
108.528
85.0036
86.662
101.81
115.131
91.9706
102.702
66.8812
101.124
98.6706
107.941
100.171
103.649
106.593
95.2396
119.219
91.9224
114.818
77.8334
86.7796
82.1446
74.8434
76.6456
100.775
99.5656
87.2338
90.1044
89.6926
118.297
101.777
120.913
109.169
90.8486
130.033
102.726
87.5494
113.106
80.8732
98.1398
101.213
99.8314
108.101
113.443
108.633
89.5066
119.442
96.5578
80.8886
85.4356
119.305
100.522
116.918
103.316
94.888
103.496
112.422
90.3134
99.8426
110.859
98.9186
97.487
102.086
91.9314
90.7822
118.826
143.798
99.5598
98.863
104.828
95.759
111.809
104.27
90.8608
83.9874
97.9312
114.967
79.92
86.4202
93.5768
121.78
95.4624
84.131
95.4078
76.448
93.1098
79.3044
103.861
93.429
123.761
128.936
92.9216
85.567
74.0772
80.234
94.0334
88.5156
96.074
101.559
77.3102
76.8298
98.4406
103.765
94.9552
94.4098
84.8848
82.0704
130.687
86.027
90
101.035
105.247
71.6286
96.6426
96.1558
82.3412
110.042
115.829
106.144
122.82
100.568
122.956
96.6706
107.677
114.349
115.964
136.983
75.9542
79.8002
93.1908
106.205
99.1532
84.6842
85.735
87.0628
100.366
97.4354
84.1462
91.0434
84.368
82.9846
101.302
91.268
90.228
118.94
99.7188
85.2194
94.7418
81.5016
103.152
87.3572
84.0858
103.591
85.5198
110.721
78.2742
104.231
97.3462
123.373
104.224
118.705
85.5188
98.3
99.0578
104.01
92.5618
118.065
114.511
83.5938
101.662
85.8134
86.272
103.677
108.934
92.035
104.31
89.5552
119.306
97.7196
81.0936
102.298
85.8274
119.791
130.035
88.7328
104.819
84.0962
121.317
81.3466
103.181
100.339
100.731
94.8912
114.632
100.845
122.509
88.9232
88.3268
94.8534
97.1684
100.005
98.434
95.4394
96.987
101.064
96.3392
110.236
112.229
146.683
107.236
116.417
107.583
91.7268
112.125
83.9504
79.877
128.818
77.5108
102.284
89.4162
73.4774
83.894
93.7578
95.8314
95.6138
129.582
90.1248
99.6362
99.4268
120.471
84.4922
102.846
89.1138
88.8224
88.4398
86.301
87.1434
109.489
109.047
94.044
72.152
98.6686
79.443
115.152
85.9162
105.077
100.799
115.856
82.654
101.607
102.123
73.2644
89.9212
85.5452
100.435
86.9254
93.7872
88.9612
114.741
108.455
118.972
80.9248
110.871
100.853
99.5222
81.6746
108.545
82.1344
106.322
66.6452
86.158
103.562
109.049
132.776
96.0722
104.269
93.9246
89.983
100.169
92.2462
109.056
99.6828
106.199
91.1068
80.5072
92.8932
108.641
119.043
103.685
98.7838
136.328
120.303
95.9942
81.437
115.333
97.884
88.1694
99.57
71.8796
94.3734
111.559
104.857
76.1926
95.5808
113.869
82.172
102.987
104.783
110.348
94.7744
95.0014
93.7624
93.2822
102.978
95.1122
105.303
84.6324
95.8262
90.8544
105.22
122.272
92.5486
108.253
114.743
83.2806
86.929
84.055
82.7648
126.665
78.9554
76.834
101.892
86.0768
89.3374
94.1916
107.243
80.6344
85.23
96.5838
90.5158
101.002
83.4136
118.243
132.413
100.946
114.678
100.342
117.496
103.595
117.66
118.94
131.727
82.2802
105.347
133.221
65.584
65.1626
92.626
101.026
94.8034
130.515
111.481
94.32
86.8476
98.1506
96.1058
94.8968
102.81
116.218
141.414
97.4178
91.5134
99.5342
104.951
85.458
97.7614
103.137
106.024
106.234
88.584
93.249
95.4568
102.421
85.5504
91.0848
92.8564
106.026
96.0852
104.75
106.589
100.516
127.462
109.546
112.788
87.5828
95.401
103.195
107.758
89.747
91.607
85.7844
135.488
82.0616
94.1276
112.312
107.23
107.254
114.653
99.049
106.85
90.3304
78.2564
91.1442
119.038
84.91
123.341
84.8918
93.1962
120.017
82.5864
119.481
102.095
125.542
116.364
89.9372
82.8238
105.441
114.173
119.402
80.7474
110.392
105.665
111.364
112.613
108.409
108.167
104.504
92.3542
105.17
77.6854
120.588
103.095
86.237
102.083
113.92
109.53
76.8562
85.623
102.797
114.852
99.4344
98.5786
95.0354
102.387
107.013
92.024
72.655
70.8386
77.0728
109.651
118.501
115.115
102.908
128.563
111.86
85.9192
94.7408
111.363
79.036
95.2016
115.58
92.051
91.659
124.19
116.761
100.619
81.7866
115.556
112.686
103.526
92.3308
114.383
114.213
97.5076
109.17
83.936
104.635
103.835
121.938
91.5058
88.0588
108.944
74.5988
120.133
83.4918
96.8248
120.299
107.279
97.605
111.358
117.656
71.7582
87.656
107.216
98.174
86.3746
106.145
113.168
111.681
90.7628
73.5466
104.22
94.974
85.3938
91.4818
98.0216
79.138
78.9926
82.148
76.7366
116.527
136.478
128.773
91.9046
96.3276
112.106
104.752
87.15
76.1446
103.939
122.265
87.0232
97.3812
94.9988
111.989
87.9642
107.204
74.1996
93.5072
77.7994
82.8882
104.354
112.659
122.231
83.4452
79.6162
84.9016
103.77
97.2344
101.614
100.281
86.593
96.814
92.192
130.23
113.14
106.074
85.7674
122.506
103.388
99.9238
87.5262
78.784
94.8356
105.933
105.344
95.4678
101.906
103.741
92.2848
122.709
101.261
91.1342
119.718
90.331
90.0872
100.511
105.518
102.824
94.268
101.556
97.121
102.432
77.4256
85.6204
88.2534
89.6594
98.7664
97.9722
97.0596
65.2284
93.996
102.431
114.487
97.1224
100.7
89.9626
71.919
99.5546
87.8128
96.2262
89.8542
94.6428
78.6018
95.623
112.051
105.213
89.3992
90.625
92.6982
93.1162
89.3074
105.396
74.1442
107.484
104.499
81.4066
102.367
120.548
99.3276
103.606
113.355
78.6616
85.9004
128.817
87.5896
98.675
78.204
100.587
91.0562
100.617
105.612
113.816
96.476
95.4014
83.788
113.693
109.302
91.222
76.5924
87.01
106.003
77.2062
82.473
88.303
94.2082
73.0072
81.2994
132.5
77.0802
117.839
117.031
111.634
95.7924
101.798
81.366
96.8464
109.575
125.257
94.1282
74.8654
104.896
94.202
117.65
98.794
118.697
85.5696
82.8976
86.3206
77.1684
77.0362
112.836
106.491
102.52
99.0786
98.6754
86.5838
106.936
78.8886
128.12
94.9964
88.8684
115.604
85.5076
93.0584
130.489
99.0926
81.8554
78.632
74.9682
105.36
86.9406
88.8062
87.6764
116.811
95.2488
91.1452
111.881
133.756
107.92
107.667
77.7346
93.3896
116.003
94.6468
94.018
90.9382
81.981
100.321
87.8418
90.9022
87.5696
79.4696
93.4438
68.9842
101.585
117.772
108.128
84.2354
64.3214
82.2818
84.9468
71.4044
87.2308
108.891
97.3586
114.083
84.9472
87.4318
83.1862
114.135
62.0566
110.064
99.2578
97.1486
119.923
122.634
104.072
119.374
104.107
90.8258
90.212
89.2048
101.613
92.1828
91.6636
91.9646
103.64
113.29
127.176
115.798
104.33
91.2408
85.0064
78.61
114.125
95.8754
119.32
92.3102
102.676
90.21
103.68
86.2102
81.0702
108.163
101.352
88.1602
80.4908
98.5448
73.7096
121.158
96.762
104.09
113.725
93.7616
87.4148
74.1524
115.558
75.9446
91.3664
104.723
104.985
91.0626
69.5414
107.506
114.035
107.336
102.601
142.622
106.948
113.733
104.591
68.1754
83.5486
107.074
100.956
81.9484
108.52
85.7838
95.488
90.7802
110.447
78.2528
86.9384
89.4094
94.7022
81.9482
95.887
70.7736
101.402
111.949
86.0922
124.786
107.262
88.661
100.094
104.355
78.8154
132.659
91.3104
67.7832
132.02
106.175
71.9296
106.649
104.725
85.6886
98.5446
109.698
85.9474
90.6814
110.672
89.5852
112.987
112.34
103.574
96.9126
94.7354
90.455
97.9222
98.3688
104.825
89.4054
81.882
118.806
120.916
112.491
104.203
88.191
99.126
97.5626
72.6148
74.4108
97.6078
96.3466
95.6648
114.576
124.367
114.703
112.558
105.767
99.2746
90.4828
91.8528
101.436
99.746
98.693
90.15
92.6842
104.759
76.621
68.5928
113.246
94.332
94.9344
77.9764
83.7256
116.43
104.912
98.0896
104.382
104.2
106.72
112.7
110.694
98.3012
97.8756
90.8702
109.261
120.062
115.25
83.045
105.817
107.787
112.609
99.1564
110.429
80.7536
91.0656
77.544
92.3592
105.977
63.2708
114.927
86.454
95.6686
77.2084
110.439
120.154
83.363
77.5794
123.993
85.2464
97.1628
93.9112
102
84.1926
94.2152
118.743
101.259
80.5354
84.87
98.498
95.5658
85.245
95.1686
98.2946
89.8434
102.306
106.172
102.394
74.7556
94.5538
104.876
88.8496
119.442
85.1054
113.15
82.9074
99.363
82.2816
82.1172
83.1654
93.0332
92.9042
111.216
110.017
129.166
91.9972
79.2656
110.878
86.6056
114.126
92.7886
97.655
93.217
106.715
105.932
86.2112
117.248
120.575
89.2864
109.294
97.2764
83.601
81.897
94.0122
83.8818
102.532
69.6882
95.3412
119.429
102.381
75.6198
93.6164
85.2194
79.7476
96.5522
81.1436
112.4
110.755
143.365
100.674
107.167
118.651
94.4012
101.08
103.337
98.114
143.032
99.2872
104.496
83.6842
83.2494
112.287
82.4102
119.296
120.935
72.1556
82.1334
95.708
92.2522
93.3234
75.9776
112.522
95.6244
99.3954
102.879
138.592
103.897
107.692
114.724
102.971
109.727
119.154
98.3738
100.247
89.725
84.2118
101.823
85.9134
99.1816
91.6076
93.147
80.5118
87.6832
119.275
89.3948
72.7856
105.415
125.332
106.303
113.742
109.257
104.82
101.515
97.0038
91.4898
105.524
85.7546
109.53
106.162
95.592
113.847
97.6948
96.6678
118.92
109.051
87.0818
109.055
102.396
82.6536
81.6046
88.7258
97.1446
109.837
90.4988
102.158
129.518
94.0596
83.3172
110.85
106.481
92.466
96.128
100.629
102.786
101.036
131.557
93.3856
91.1936
87.2198
106.315
97.7356
86.8242
87.4814
76.0246
123.556
101.428
104.761
96.5812
97.8006
105.093
110.128
98.5934
116.076
92.6448
106.885
104.996
110.767
94.8302
99.4714
106.871
106.376
96.7416
84.1966
85.8664
108.533
92.505
116.947
99.1456
94.9586
76.633
102.798
70.4276
87.8784
97.1982
92.6092
98.7054
92.7776
71.2896
114.02
56.1734
90.0604
126.808
88.9788
124.033
101.081
91.0324
82.1848
101.513
76.4696
107.097
116.923
97.419
90.8602
102.217
110.928
91.9926
102.734
86.46
82.9514
85.8456
88.1114
100.115
119.626
91.7868
101.399
95.0716
84.9142
135.845
96.7694
116.048
108.05
129.649
123.6
107.054
103.123
104.274
128.853
123.38
97.298
105.165
94.1702
122.904
158.012
94.6438
81.6954
88.8988
94.1364
89.8558
98.529
89.3668
106.603
97.358
90.9024
84.5562
85.7068
110.957
105.493
116.095
89.5126
95.667
125.65
96.3414
87.1422
82.319
82.1546
112.461
106.467
97.2616
71.4462
93.3308
88.4262
89.552
76.5844
62.0836
86.2552
67.525
110.86
86.2978
99.7486
92.6332
98.1062
99.0494
105.813
76.1102
96.7442
83.4526
96.754
100.635
122.867
110.903
101.616
89.8016
122.566
130.636
84.2032
125.506
112.681
100.278
105.75
96.8404
97.6222
88.4434
72.3602
96.7112
104.142
105.272
88.7936
88.5074
105.506
94.428
115.726
90.5872
93.4806
91.5066
98.6562
111.716
92.0864
107.748
88.3512
90.0328
83.9254
93.0132
110.711
93.834
125.932
101.072
100.207
100.002
82.504
105.427
92.5454
84.4472
110.474
101.222
85.1418
104.482
83.188
89.5602
107.986
86.0312
77.9366
114.394
87.0136
87.7716
79.9674
90.109
104.891
103.287
95.7954
97.4836
99.4176
84.5134
97.3144
131.678
87.8316
103.477
105.994
96.2494
90.7118
93.5724
77.1132
69.6196
100.097
118.534
82.887
95.0492
95.191
97.88
87.9364
107.018
79.4814
79.7674
94.532
108.161
108.248
125.322
93.9992
66.658
93.0524
97.1628
110.152
89.47
77.2398
100.303
125.685
63.7274
102.78
98.773
91.5564
123.735
73.1904
100.851
126.193
88.1694
65.908
129.92
87.1348
86.1536
105.064
104.978
96.818
106.103
123.45
93.2484
88.8468
87.9752
80.5958
133.24
76.1538
118.172
117.316
101.844
114.035
71.7346
113.66
126.706
100.43
82.708
118.096
70.6454
100.11
93.846
80.6352
85.7548
103.982
99.4386
98.9064
100.085
114.078
91.525
119.295
99.3682
132.193
77.1432
96.2268
127.08
92.303
76.105
80.8712
117.689
97.2554
98.2404
104.432
88.471
99.5346
106.105
115.566
81.722
83.9416
121.406
89.244
83.1306
127.051
89.8312
88.774
115.963
97.4026
96.7488
120.495
92.6376
72.0688
87.1992
91.295
138.997
93.9248
78.8726
98.5576
111.836
102.053
87.6658
76.4228
91.776
94.5112
88.3462
103.327
89.1506
87.7482
97.4576
113.333
93.8076
97.3286
122.463
108.433
112.449
95.094
84.9578
107.852
109.553
109.318
119.498
82.1922
83.5226
108.341
71.2416
104.507
98.4802
91.1482
99.4372
112.295
126.652
119.019
86.693
68.884
98.7824
96.3048
107.825
93.1952
90.2282
76.9714
88.9196
87.608
83.6564
109.378
101.311
109.762
93.9282
101.388
89.449
74.6254
131.16
106.567
76.0456
96.656
117.374
87.892
74.3024
101.464
112.446
92.2274
106.377
102.249
96.3284
114.213
108.269
95.954
72.4926
82.3126
113.347
86.1018
85.582
97.4418
94.1308
124.979
113.843
83.3514
93.3398
102.716
107.891
88.3266
93.442
103.093
112.414
97.8666
87.7934
95.8528
98.0072
90.2944
124.214
103.852
106.248
99.4354
112.021
85.0876
115.558
118.793
102.778
113.738
88.5372
118.792
96.8914
111.763
98.2092
114.933
91.9334
101.897
99.9068
111.734
86.3446
110.236
94.1338
95.3576
87.75
96.9552
93.915
89.134
110.687
106.359
81.8338
74.4396
125.454
90.3912
90.4022
85.5086
105.695
84.8492
123.207
79.423
122.521
98.8396
100.245
111.992
96.2734
101.958
92.1426
99.2504
101.56
70.8332
111.968
104.631
84.2112
125.739
98.1814
97.417
100.785
106.571
96.6976
109.138
87.5962
74.58
98.6042
92.8362
87.1316
93.9402
69.7348
91.4182
82.1246
78.3648
92.3966
107.076
102.808
77.1676
88.885
93.4264
89.3144
99.3542
112.454
98.5764
80.3244
118.978
98.2048
76.6396
111.861
92.8188
96.0156
113.607
99.3722
88.0054
133.482
89.0638
101.248
68.6798
106.853
103.436
104.608
100.987
86.6222
90.5016
111.87
98.2476
94.1086
95.29
89.9406
108.546
98.771
97.0944
87.5096
81.0652
125.161
100.473
122.529
99.2432
85.4172
92.0546
88.7438
110.888
98.0782
75.2176
97.7218
97.192
90.8574
111.517
79.203
125.987
103.129
88.0948
102.959
72.8246
99.752
117.983
87.0812
83.7266
99.152
101.272
102.692
89.2182
104.172
104.172
95.067
69.7154
110.669
96.6292
111.778
91.8582
77.538
90.4468
88.773
101.347
111.322
94.3916
95.0598
93.4812
92.198
104.961
119.791
96.7996
100.8
68.7532
111.481
95.9614
86
118.615
84.3174
103.488
82.41
107.656
108.913
117.776
112.929
111.209
87.7848
90.1716
91.272
100.414
86.8836
104.161
84.8658
105.075
118.06
87.694
95.4656
89.062
77.2032
89.1112
88.981
90.0848
99.0112
91.133
128.954
101.291
100.377
88.6652
85.6866
110.512
91.9072
111.565
106.91
110.471
96.476
103.184
89.0658
131.057
104.028
83.68
107.788
74.8772
87.324
92.4962
77.778
77.6676
94.6344
103.049
106.855
97.6288
106.603
108.344
85.781
72.2342
117.837
95.4558
116.856
99.4704
78.9066
87.7854
79.5792
73.0352
72.3066
100.54
92.054
122.517
102.146
112.45
116.679
93.7686
108.946
106.203
115.579
97.0076
108.045
99.085
88.4516
89.543
116.5
93.3452
102.896
132.885
68.589
97.8878
106.732
126.889
99.1342
96.8542
128.015
111.086
96.257
99.3442
102.497
91.619
110.859
103.795
112.572
85.382
97.989
99.312
103.198
91.4164
79.1434
104.743
114.386
97.2312
93.4304
86.0776
88.5692
117.683
94.3982
98.006
91.1342
101.664
86.8808
124.591
103.3
84.1038
99.6262
110.034
117.058
103.406
81.3842
90.066
104.331
118.697
89.9206
117.172
124.898
85.0826
112.169
89.0774
83.498
112.243
117.251
88.3702
108.802
91.308
109.894
106.741
99.6486
95.15
86.7632
81.6882
119.242
99.8688
88.4722
86.4032
114.053
100.46
119.63
94.5158
98.2614
114.373
106.974
97.8116
107.924
99.8752
102.399
108.713
100.945
87.7568
81.6158
93.0714
70.2672
103.192
86.3954
89.6884
96.3976
120.821
89.8036
103.985
82.0258
122.428
84.4366
80.0686
122.904
86.0046
100.343
100.119
100.731
96.9564
115.942
99.081
93.9548
97.4696
124.727
84.2956
86.789
92.5072
126.9
84.4344
102.406
121.745
93.5288
113.797
97.741
117.01
87.6904
85.1744
100.618
106.666
82.8774
87.8392
85.7714
96.5022
107.382
124.847
102.143
114.757
99.6548
113.81
92.4816
95.9332
140.877
99.2014
82.5928
131.005
101.57
100.083
101.681
103.048
103.425
104.591
97.0154
84.6174
85.8936
101.202
86.298
85.2548
88.4248
99.6768
128.378
107.245
97.548
99.1976
112.365
111.418
92.2174
70.7776
90.1388
75.2314
104.732
98.491
107.888
95.4292
103.42
111.248
108.351
119.961
89.971
112.152
97.3484
95.6442
93.1446
112.671
86.0368
101.899
73.6866
107.193
74.882
92.8106
92.1476
109.016
113.176
135.583
107.699
110.754
90.356
103.803
111.898
116.087
79.6694
87.3146
115.86
88.3938
108.106
87.9066
100.125
100.482
110.625
119.293
112.446
116.647
93.7162
101.154
94.5976
100.5
87.2646
94.4526
99.9712
109.405
113.273
87.9442
90.2756
75.0818
111.703
102.623
107.872
85.7874
91.2692
105.745
77.1722
100.28
117.625
101.065
115.386
105.974
107.572
102.958
108.517
113.923
107.371
107.269
91.818
109.441
94.373
108.497
103.811
124.296
123.053
72.9782
90.9234
96.558
86.0724
80.2144
99.8624
103.377
106.496
102.923
106.732
110.484
104.779
94.0132
75.22
86.4992
71.1164
93.2272
94.695
71.3648
92.0606
102.435
113.223
110.998
116.18
114.949
91.4338
86.8218
104.58
99.6738
92.9468
71.543
111.101
88.2426
89.926
96.3812
93.876
97.8206
125.855
103.851
72.7858
109.397
106.569
108.696
118.907
107.038
108.344
96.5244
93.2848
117.04
111.674
77.1216
109.089
117.156
100.627
108.93
90.4158
110.731
84.6508
85.8954
110.478
81.049
87.033
101.222
81.8096
110.847
77.0562
109.168
105.71
87.163
81.8608
102.423
84.7874
104.839
126.796
102.028
91.799
102.032
94.9616
85.5712
96.0182
74.428
80.9076
133.661
115.498
102.921
91.2584
94.5722
69.0246
81.6148
108.704
88.363
113.092
89.5398
128.276
98.083
110.852
120.488
119.898
115.235
109.955
101.632
80.1804
78.9216
94.4198
93.0588
102.777
69.913
88.661
82.5616
114.19
102.057
69.4944
89.4236
116.454
111.354
99.7338
84.6608
82.7336
85.087
106.726
109.348
122.449
95.977
81.4322
94.9684
103.16
97.2994
105.814
91.7036
68.6938
103.403
103.965
106.513
91.2222
87.616
63.4494
101.47
70.5018
102.122
101.349
85.6214
87.9396
118.07
102.643
112.071
78.564
98.436
104.941
95.4934
125.709
77.2782
55.3284
84.9828
81.4034
93.459
80.797
67.3774
101.249
97.1264
131.599
90.5132
86.7686
99.6302
88.5456
89.31
94.3158
84.2618
69.747
94.6808
86.582
101.661
116.701
99.2732
88.1372
92.1944
119.843
100.109
107.093
85.3808
84.7106
97.5932
82.1754
94.8618
115.317
114.321
100.64
97.9418
107.834
88.4416
97.214
99.3736
105.796
108.627
86.9018
95.966
110.723
114.982
90.029
109.223
105.775
92.115
106.009
84.8556
83.9418
75.7878
89.2132
132.719
92.5914
107.938
126.304
71.213
107.449
96.6012
91.3164
110.363
93.9978
85.2706
99.609
91.0528
94.6532
113.501
108.378
70.288
88.977
88.4094
114.861
86.2746
94.0824
105.573
98.672
80.5174
122.431
96.3202
81.853
104.931
98.5078
106.866
108.847
87.9662
113.952
90.0618
94.7106
105.889
101.837
106.291
110.624
126.318
82.7362
107.824
110.856
94.8294
108.26
96.4302
123.479
90.3164
108.719
68.8654
96.7934
127.946
88.7244
100.907
94.58
112.691
108.31
85.4648
127.322
87.819
106.813
98.61
98.6168
91.7886
84.5856
102.091
73.0202
103.749
77.5908
74.0552
103.119
99.8146
78.1548
77.7904
92.6886
100.479
94.151
109.123
74.8588
89.852
112.751
80.827
120.825
100.044
84.3646
102.03
111.995
90.934
124.986
123.788
128.109
92.924
85.2976
90.138
95.868
96.8194
108.902
83.8646
110.21
99.0984
98.516
119.189
106.214
101.752
94.3018
98.9976
102.102
88.3252
117.862
71.8066
86.9532
102.041
104.78
94.4146
113.378
93.8896
85.7366
85.338
86.8484
98.7102
106.147
103.766
92.6922
108.757
88.444
127.838
94.1042
93.887
109.174
117.137
101.774
98.5748
102.059
97.1336
105.394
86.8072
97.6428
145.681
102.999
92.3612
93.5224
102.137
97.5908
91.3046
114.661
112.189
77.0486
90.9178
105.584
99.2162
74.928
89.5168
90.0578
122.599
89.3718
101.797
92.372
82.5234
92.8568
127.322
96.774
100.954
94.5766
107.836
108.785
118.898
89.941
95.6616
120.418
114.948
104.612
107.63
133.706
110.736
107.915
104.527
119.847
104.626
109.576
95.4692
91.3742
75.901
98.4256
105.772
92.8906
97.8904
135.906
87.0172
87.8674
90.4456
97.8474
114.618
99.8748
124.091
90.4454
88.7006
84.3582
108.958
94.166
95.4426
92.6502
118.356
90.8264
83.503
87.0424
114.541
68.8796
86.5866
80.1992
110.425
120.597
110.768
90.8048
102.173
86.6486
80.8914
112.172
83.0702
96.0904
111.455
77.519
93.6714
87.9372
85.1536
98.216
107.209
103.809
96.9984
95.0148
101.673
97.6932
98.4922
109.444
104.162
96.8776
100.494
110.189
88.5876
78.6478
107.292
87.8368
74.9632
100.266
103.128
103.457
113.143
90.5058
111.314
96.471
114.321
77.388
114.653
79.6406
95.6864
110.789
115.48
87.6906
113.419
116.593
87.3976
82.5574
96.5452
66.307
98.0758
114.829
89.5402
104.136
107.769
91.2434
130.287
104.409
103.13
95.7674
104.146
103.058
90.0294
102.137
79.2
91.0348
70.2272
83.4268
75.668
93.78
95.7242
99.774
106.225
107.514
84.3326
100.618
88.3602
110.362
129.228
83.2668
97.0374
93.1042
108.02
107.775
101.301
85.0312
83.403
94.1074
91.1872
99.8462
105.014
91.9782
111.957
102.453
103.421
106.445
84.101
106.716
76.447
115.917
108.935
67.594
96.1346
106.212
105.5
81.1998
116.303
115.662
84.8026
105.813
86.2622
90.1918
86.0898
91.0436
99.3912
73.5908
92.422
95.668
110.775
90.5576
87.3256
92.9302
82.589
107.683
98.4546
135.86
122.381
92.5882
81.0248
98.7806
92.783
101.934
120.582
95.3006
70.2996
86.7986
131.275
121.566
91.8308
77.072
101.434
82.118
92.1698
96.4426
124.077
96.2806
88.2102
91.8528
92.2268
113.509
111.552
102.813
103.188
102.688
105.712
110.561
101.045
103.508
92.8074
80.032
102.96
84.2958
87.4034
116.486
90.5526
77.8284
120.673
92.855
85.9018
104.008
110.576
96.5696
81.5422
98.9384
96.397
90.141
103.253
84.798
80.6114
110.371
95.7598
97.7026
90.164
93.058
99.2396
112.802
86.5164
93.7062
114.156
84.759
80.6764
99.4502
108.561
110.093
103.487
82.195
111.198
97.6054
75.4814
101.312
93.3896
104.688
91.8
94.3216
98.7938
84.5104
112.244
104.124
90.3582
104.227
81.4966
70.7076
89.1808
107.713
101.048
101.153
100.656
98.0438
83.61
84.5776
73.7808
108.132
92.7996
75.6162
110.294
97.3348
88.0762
109.474
105.016
106.751
122.877
90.4638
102.606
92.339
120.392
91.7398
95.405
96.421
93.8764
86.0506
90.0272
135.423
90.0696
119.504
127.234
112.11
96.8328
102.306
85.9786
109.307
89.0728
100.079
100.906
98.2242
74.6162
100.176
98.9082
118.515
75.1762
98.094
94.8338
90.379
99.556
108.737
102.867
126.576
111.655
94.7132
108.875
90.0264
107.287
111.005
114.147
87.0424
94.8876
98.2814
91.763
95.9932
79.5684
104.713
96.6712
124.953
85.2774
105.489
94.9032
63.79
118.149
76.8492
80.3088
87.1986
96.3336
101.917
100.165
91.544
97.1792
90.3372
96.6942
105.673
112.005
101.88
114.694
85.3722
100.429
122.162
108.444
105.229
100.321
99.1184
78.2338
110.849
91.7268
107.403
85.3376
92.7846
110.514
83.3512
97.8418
129.683
104.252
101.428
101.421
81.745
100.29
106.221
102.597
105.955
80.3508
76.1124
129.919
94.9318
87.4526
93.5774
89.9782
93.7034
86.2384
95.351
101.722
90.8112
100.339
133.729
106.078
104.027
138.503
101.205
102.648
103.641
93.5394
77.801
104.129
116.258
99.204
77.2484
92.6026
122.662
112.152
121.242
84.5992
111.952
89.0098
87.3658
94.5878
86.931
74.1814
104.744
104.684
96.8502
91.2622
119.432
83.0772
114.188
105.405
108.255
127.682
88.3118
89.8856
108.076
108.358
88.6364
100.531
90.6388
110.485
83.9638
109.189
96.308
94.5844
101.577
82.6204
87.0654
89.5982
101.621
102.86
105.201
103.537
88.7516
114.162
109.532
83.0156
79.2204
86.6674
98.541
96.6988
91.0192
97.6538
91.293
92.3458
84.7588
78.1106
148.358
83.4648
74.9314
91.099
106.16
112.434
126.129
82.8
131.793
96.1802
123.33
107.515
99.4906
91.4294
121.223
105.028
89.3296
100.729
94.3574
107.117
92.355
99.4502
110.183
131.758
112.904
109.094
103.691
116.761
81.96
83.3862
88.5938
128.562
118.639
93.1792
93.0516
101.352
93.5148
154.55
88.7276
98.995
86.1198
95.9718
97.4338
95.2026
95.7932
110.901
93.232
111.675
94.313
59.7162
88.7248
109.125
101.536
106.912
112.091
86.8452
93.4814
145.849
105.1
83.6234
95.523
117.392
93.6156
90.342
94.1746
117.575
89.2254
98.8412
85.116
103.795
87.9856
135.41
88.6684
86.9152
84.756
115.316
114.685
89.4454
106.648
76.5032
67.8074
82.8552
91.9178
90.644
113.823
104.292
105.139
86.5286
92.7546
102.992
106.193
94.8036
105.703
91.0232
110.565
103.801
75.7128
91.968
107.634
94.0862
99.6798
78.5232
97.1502
103.032
105.374
77.5034
97.944
91.986
119.822
105.283
88.6522
89.6498
101.842
104.746
86.6772
103.021
76.6104
109.721
91.5758
98.3414
92.6818
113.848
116.725
108.756
105.851
82.8048
112.959
91.9776
93.5536
95.7222
87.6228
94.718
89.5842
93.2708
103.829
116.919
76.6572
108.601
82.7394
83.0402
90.0082
88.2812
113.688
81.5076
120.75
98.1342
135.42
110.944
73.9732
96.1702
95.8168
89.4824
119.416
103.732
104.301
91.0966
89.1316
115.334
119.673
112.055
101.867
126.093
113.551
104.76
93.1048
93.0636
89.8704
101.68
90.2488
94.8204
119.98
117.907
91.405
87.907
100.399
90.0504
95.0652
94.9438
88.6534
107.681
88.4864
89.3302
107.105
98.3852
114.231
99.4696
94.8954
103.801
84.9284
87.2748
99.092
72.1048
100.889
114.547
116.618
130.385
95.853
109.952
108.315
105.891
93.0132
114.255
97.2844
91.0166
90.532
104.775
83.2876
115.143
111.158
114.321
76.6698
91.1698
89.9136
109.174
138.926
83.12
93.7332
100.824
107.978
103.304
96.2202
72.9208
109.354
108.349
120.378
107.82
113.302
133.403
113.377
92.842
79.3882
96.6408
79.9422
94.5472
113.132
98.8622
90.6062
98.9372
117.621
133.374
108.392
100.233
79.728
110.465
115.607
96.2178
100.8
117.413
83.5412
95.0916
96.6588
110.634
124.133
76.1282
96.1202
89.495
89.3616
106.224
100.508
94.0748
107.259
101.985
98.3554
67.4028
101.216
92.7452
104.558
105.21
97.4638
84.4406
120.665
106.899
92.7074
119.406
106.862
82.7852
94.4528
86.1648
89.6336
101.522
104.995
108.77
96.4212
106.185
82.4636
103.649
88.5914
112.33
115.227
111.245
122.276
84.754
104.163
88.5376
91.8836
83.3392
92.4966
88.557
94.9932
110.091
87.7784
101.932
93.3486
85.6036
120.197
100.854
89.228
75.067
113.837
94.4332
101.403
76.8434
92.7894
103.283
106.97
97.0738
95.3378
78.1596
114.53
95.704
114.446
97.8668
109.008
102.137
96.977
86.8106
79.5216
96.4552
99.3736
85.3458
94.7294
123.237
116.325
122.043
100.259
109.89
116.754
110.523
75.3462
107.964
88.0278
98.9366
119.45
128.53
111.289
108.983
100.142
104.744
123.372
94.7714
79.6066
101.304
96.6776
93.7604
79.2314
129.531
92.03
106.088
88.8714
76.8312
96.8214
96.7302
97.4772
86.1972
112.961
103.329
101.579
99.5262
81.1186
105.53
94.5136
78.3492
83.7348
91.725
87.7946
95.955
105.617
95.7754
94.2188
82.6732
112.986
108.003
100.284
110.432
86.1602
100.145
83.0582
90.3
105.061
93.7986
140.503
98.4892
88.9282
114.105
116.777
89.5998
93.9538
99.7586
96.669
96.6524
95.5072
114.481
98.1868
77.8326
84.6946
95.015
93.5062
113.076
69.8392
107.166
83.0076
91.2818
107.798
112.313
86.402
107.896
76.0884
88.8972
104.521
87.8444
96.5904
103.839
100.739
130.42
97.3516
100.737
102.974
98.9256
105.979
114.351
77.527
92.9868
100.111
98.4276
77.922
112.731
78.8978
89.5446
72.555
105.988
106.684
112.2
108.017
81.0106
83.0816
96.2242
94.1118
85.0998
83.5502
76.0552
89.4478
77.1732
117.55
88.7148
77.5132
68.6028
109.484
110.686
109.641
93.4392
81.4706
101.076
114.054
105.186
82.4658
119.254
100.972
107.921
99.648
95.2142
98.7998
97.2468
106.789
102.521
73.2616
92.4078
85.8812
108.512
86.7366
97.9884
88.3272
112.849
95.144
92.4552
86.74
112.24
92.7436
108.398
87.1532
91.2544
89.266
81.3916
129.021
100.395
101.513
102.962
101.363
71.8926
101.811
97.4766
85.4582
94.3656
114.769
120.587
92.7538
84.8098
103.882
90.1648
95.6322
87.8786
111.825
98.8466
91.974
99.973
90.2846
87.4436
114.296
122.229
89.1712
80.1104
133.052
87.711
85.82
117.087
108.291
86.039
107.97
96.0534
89.8342
79.9616
87.3244
111.746
95.883
100.952
93.4784
91.1628
80.0454
124.678
93.844
105.94
98.819
112.352
116.866
80.0906
108.341
87.5622
101.511
115.476
80.6286
127.484
124.099
116.828
78.4374
80.1452
106.482
100.728
112.116
95.6144
83.795
85.8588
72.5632
75.612
76.5748
94.8834
88.7018
103.388
83.3754
114.389
84.928
85.7382
90.1562
108.368
82.3244
110.688
113.509
121.775
91.9976
102.133
97.1698
126.232
90.756
95.2464
69.3724
104.695
106.644
80.724
89.408
99.442
116.082
73.417
120.437
107.126
100.652
106.195
81.4064
113.375
99.8402
86.3446
102.182
117.54
95.8072
102.864
91.9762
105.247
82.5456
87.949
101.738
98.834
71.16
82.1518
105.018
90.4868
90.2168
93.8014
96.8098
105.863
96.5614
111.034
104.159
88.2552
112.032
95.0602
90.5302
94.6526
102.545
107.41
100.609
90.858
100.71
73.8812
93.3332
98.5614
91.8654
113.362
99.8506
114.772
82.78
115.009
98.3264
143.993
109.464
90.6378
121.593
103.94
106.424
92.6106
91.5966
106.053
93.093
121.471
118.56
103.956
90.4284
103.63
84.43
86.2344
115.455
104.386
78.2982
105.186
122.936
100.202
103.191
97.145
77.1044
91.548
73.8076
107.798
112.312
94.3574
105.347
118.043
75.626
86.7472
112.316
87.7916
107.238
87.8476
103.612
93.6106
113.755
88.3636
95.8896
95.6582
103.813
84.703
98.9716
107.843
88.9476
86.4762
105.45
92.5706
108.72
119.454
92.6876
83.6062
88.1936
87.6164
91.8948
105.949
104.653
115.497
77.9178
104.246
93.7666
98.9704
115.309
79.1016
111.982
78.782
79.9952
99.829
85.3714
96.3812
105.614
104.198
103.893
94.1974
93.6576
110.553
118.429
118.829
106.122
121.574
75.0308
90.4198
93.5838
98.1596
93.329
124.343
117.719
106.444
123.176
106.037
97.3822
86.2066
87.5494
107.598
94.2662
109.981
97.9906
91.345
137.207
82.345
114.116
89.781
85.2152
110.303
101.128
101.56
101.479
89.6744
96.329
88.9608
100.102
110.634
91.3818
62.7226
113.205
86.0748
123.777
93.976
86.4164
101.352
90.7576
83.2766
98.1602
95.5776
98.449
87.2168
93.5736
78.7822
91.0334
93.4556
99.471
96.2296
95.531
95.2636
112.234
102.075
76.3026
99.7738
106.172
102.696
75.6746
83.4658
122.924
109.217
95.5746
110.377
73.2382
94.7682
90.0268
96.1944
68.548
119.681
81.8378
78.7552
141.659
91.7924
94.9124
112.661
90.0932
70.341
121.445
100.718
118.005
96.6042
98.8654
86.6046
110.393
83.397
93.3576
82.6606
113.234
80.1134
89.8622
101.855
83.9516
67.7372
107.501
83.0156
116.357
107.814
98.324
92.6246
88.8918
97.0188
112.063
86.7678
99.9224
98.4078
104.566
80.5806
81.2024
84.8082
109.777
92.5884
118.402
117.088
108.247
108.622
136.715
98.1744
107.347
93.5012
127.306
78.6068
116.54
82.1316
80.0984
100.24
101.891
113.738
80.536
123.963
105.639
104.738
101.633
79.8204
83.3954
117.842
84.9254
94.704
91.9546
87.8484
74.4106
111.939
102.511
84.9998
129.659
98.7182
75.9398
80.786
106.202
88.9824
103.182
84.201
97.3218
79.1532
114.626
94.5546
75.2134
101.083
114.305
99.9678
75.1968
66.5732
101.108
87.5772
91.9356
98.2714
100.04
100.677
104.857
133.876
121.087
101.314
81.9612
125.607
112.183
98.9774
89.439
105.516
93.5036
77.8728
114.698
99.5534
96.0838
72.7426
81.8948
82.3588
102.437
103.518
100.056
108.08
112.151
123.431
116.141
98.4068
94.4724
86.8256
100.099
90.809
107.918
92.0086
79.3296
96.4494
85.549
77.9022
98.1898
84.7832
128.036
104.766
100.573
106.067
94.9124
89.7134
89.8848
96.9744
78.5926
85.2996
85.558
77.2562
134.654
107.204
86.6676
67.5716
102.226
108.946
106.302
91.2016
108.413
101.286
71.2268
95.815
109.472
74.7006
93.199
99.4214
99.3492
90.1248
87.259
97.5616
83.5606
105.226
83.8026
109.137
81.5904
89.2626
86.155
125.611
80.266
110.632
125.225
77.5662
92.4926
99.1984
116.527
80.4676
93.9272
99.0266
97.657
109.393
86.2534
106.117
99.782
89.2934
80.427
88.2992
110.284
91.8586
125.8
81.6214
83.146
96.0654
99.3656
111.399
91.4638
99.2506
80.7874
94.7794
97.8118
87.671
92.4532
83.565
84.1768
89.6952
126.314
97.1438
106.78
111.986
93.8056
94.5526
82.1816
112.84
90.0702
110.192
101.024
87.515
92.0794
114.805
119.255
96.0214
88.2116
98.7124
99.0646
102.072
114.116
81.8872
94.113
106.591
100.411
98.273
125.425
112.808
102.851
113.309
79.3508
91.3536
106.6
94.1424
88.0618
102.814
112.787
88.4884
96.2252
78.5934
78.6862
105.067
123.768
94.5626
107.855
94.7986
93.5148
148.338
101.164
106.497
91.4244
104.996
97.5846
91.097
105.64
104.738
109.833
85.0998
89.9206
102.603
100.252
80.187
97.3618
78.8282
94.8324
92.9218
93.8296
85.1838
118.458
108.626
94.5158
96.6372
85.9472
88.1146
97.669
98.0814
104.28
89.6536
98.0432
82.7156
95.8664
102.075
91.9922
87.8706
101.019
91.6436
81.3114
98.0158
96.9908
77.3912
86.1092
108.859
97.048
114.902
118.134
100.941
108.898
72.0466
101.06
90.3764
97.9376
95.7194
115.559
119.453
97.8232
68.382
103.397
85.1758
110.952
71.7034
106.528
132.427
89.162
81.2888
85.08
130.146
99.097
101.947
88.9864
78.8556
99.879
98.533
105.65
85.3366
116.632
81.507
125.535
122.285
91.604
134.677
92.3128
106.884
106.16
105.906
107.475
102.768
120.818
81.2306
101.429
87.2144
93.07
115.539
104.701
89.569
96.9266
93.5626
107.135
79.3816
105.628
118.029
110.037
114.765
89.1692
121.502
94.2786
84.228
83.2548
91.9378
103.193
104.357
120.013
81.0338
86.092
98.12
109.781
91.0526
107.315
82.5678
79.15
106.273
98.662
104.594
110.283
93.664
103.519
104.384
124.009
98.7586
99.258
80.891
87.189
89.4506
100.182
107.144
85.9976
88.8268
98.5596
100.307
152.887
110.124
103.328
90.1426
95.1214
104.23
97.94
95.8024
99.6064
92.6178
82.5246
89.2626
97.0298
81.7066
99.0286
118.223
119.694
118.661
91.2436
106.148
80.7598
116.062
103.099
90.841
100.764
79.9864
96.7328
93.3638
107.585
88.5414
93.9648
103.36
99.5838
89.5722
90.6138
82.7536
77.035
87.3754
113.276
104.84
87.2592
104.28
98.8256
119.839
129.168
93.8324
115.968
97.0266
132.106
86.724
81.7384
91.6384
70.4658
67.7178
102.541
89.0134
111.158
94.2918
89.2128
111.722
106.058
74.9436
113.028
108.771
95.7718
99.7318
109.584
72.407
100.265
103.625
84.9242
106.795
93.2662
84.7518
91.322
109.501
119.842
114.202
85.6474
87.9306
81.319
97.1038
95.7352
95.1256
143.778
95.134
97.114
78.814
98.3684
97.3122
85.6228
113.563
67.545
100.989
108.777
93.9056
91.602
84.6094
89.9896
104.383
105.82
106.375
108.009
109.478
83.4038
98.8622
137.159
81.055
121.754
87.8772
85.33
116.891
119.04
82.928
103.043
122.405
99.9988
87.3664
82.5204
102.206
89.7124
118.443
87.834
75.906
116.091
98.7646
117.101
137.703
114.719
83.3072
97.9576
106.667
85.2942
102.964
99.2794
112.737
146.687
77.9322
115.047
108.241
110.983
115.418
99.3352
85.8564
99.9864
134.503
78.157
101.639
109.987
114.524
101.04
93.8498
96.7278
103.712
70.0844
111.437
84.9698
76.0886
91.1156
90.2086
113.161
101.449
95.262
124.768
97.5184
85.506
104.378
107.465
107.268
81.5284
97.6676
109.779
104.371
92.6574
89.3562
94.2496
119.893
100.809
94.6608
95.1548
91.0396
117.389
96.2228
85.9018
107.965
91.0792
85.7978
92.0048
89.8764
94.1896
100.056
84.2388
89.3138
144.767
79.2198
88.9536
93.773
123.542
75.3322
101.051
97.4246
119.259
75.3806
97.7274
85.1166
70.3034
110.155
76.909
75.1514
100.439
100.2
89.2454
88.8466
90.6954
120.846
115.609
106.413
105.466
145.079
99.5444
107.695
108.209
113.455
94.4998
99.83
93.3528
87.2214
86.8568
131.904
94.9584
86.2372
78.052
110.944
98.8012
99.1884
115.599
92.6918
104.354
112.606
82.2616
108.109
89.0554
99.9108
130.512
66.8606
92.4268
116.604
92.7428
97.3206
82.463
76.8446
104.952
75.697
96.428
91.5654
96.1306
99.7146
105.949
90.8432
94.5676
99.1102
88.3748
88.1136
104.088
110.807
99.9334
98.9852
94.2776
118.113
82.045
99.1134
83.2666
107.987
127.37
108.811
86.1836
105.69
94.699
109.014
82.3374
104.941
114.367
98.4398
101.888
71.355
108.319
98.6732
111.779
94.669
109.602
93.8866
119.555
83.8072
106.275
108.989
113.219
120.708
127.854
111.637
94.5264
112.331
96.007
95.5416
89.4702
86.0992
94.789
88.257
87.5906
99.248
95.49
84.1874
94.2356
116.935
103.983
104.257
99.0726
101.464
92.4136
108.71
115.096
116.712
106.861
88.149
106.348
78.6758
101.673
93.0412
93.6626
107.129
121.439
97.0114
89.6092
94.6096
94.9654
113.53
114.245
117.119
89.4518
88.2084
88.8716
86.6702
81.4926
90.011
75.0192
71.6322
120.506
111.429
124.607
102.164
94.9184
112.81
94.5028
78.3276
132.902
89.1688
109.363
107.732
76.0646
107.799
81.2464
119.281
98.9042
93.7184
88.4802
92.3806
85.7758
84.5442
69.229
103.247
83.9642
108.494
85.9168
121.444
89.925
112.087
87.3684
99.1356
113.328
115.766
93.6784
96.1902
109.123
91.188
87.8072
118.564
80.0698
68.8014
121.411
86.0884
94.2542
90.6592
99.0834
84.4674
98.5438
101.095
88.8726
78.0238
99.5568
104.74
95.0392
97.0898
81.164
102.466
87.8424
109.996
114.939
93.736
88.9532
93.2832
109.104
91.2276
101.481
92.1542
97.3148
108.836
80.6864
112.015
103.038
89.789
102.541
107.441
80.204
87.0742
82.4772
112.784
82.891
103.669
114.53
97.1564
106.443
125.873
81.9798
96.9076
87.2722
78.2338
90.2914
108.662
