115.977
119.794
88.025
103.862
92.3196
114.009
81.2526
84.4438
95.2904
105.314
80.4748
108.976
80.7984
126.98
115.085
103.851
84.1316
105.582
92.6338
104.064
93.856
120.74
93.5284
101.378
115.007
85.0972
87.6256
90.472
84.9388
108.874
85.8376
93.0706
102.973
92.2514
96.6618
102.842
113.099
88.9148
85.1834
82.8178
101.753
56.4258
110.047
103.243
126.749
89.6482
101.558
85.2024
111.23
76.973
91.779
114.421
81.3382
119.922
126.749
113.875
124.471
91.6726
97.8354
94.8002
102.782
87.0802
108.231
130.439
97.792
123.571
93.5294
95.6034
117.364
101.342
88.6904
81.3684
74.0506
91.2564
86.062
97.6624
89.2806
131.175
117.403
66.0278
98.8774
97.5822
97.4948
68.1878
122.754
101.852
99.7314
80.563
101.407
85.8218
129.063
107.702
76.099
94.8686
83.9968
80.5278
100.744
98.474
124.909
112.283
95.5474
98.9928
68.6094
76.7242
89.4014
97.5536
110.016
108.196
116.838
82.9426
92.8348
106.265
99.278
110.072
100.113
96.9466
78.0002
115.177
67.1614
116.859
107.543
138.423
83.848
106.599
85.9944
82.8758
89.1814
92.4332
94.252
114.361
114.513
91.1918
102.052
79.7646
96.2272
84.7666
101.809
76.307
89.7564
91.4024
125.566
121.4
100.935
83.4896
112.385
108.08
78.7016
90.2568
96.1876
92.7718
89.2102
115.298
93.3188
94.4802
103.796
93.0026
105.315
89.2514
93.6682
92.8536
100.388
90.4666
86.8626
134.592
97.9604
79.3884
92.3782
89.724
77.381
76.176
108.526
101.614
109.669
123.041
89.6434
127.235
86.8546
97.8444
76.7238
87.6048
113.955
105.714
95.576
82.957
89.5172
103.908
104.489
90.6988
117.302
82.104
105.462
99.6848
98.0242
106.789
97.0892
91.7162
105.654
103.952
90.4538
106.616
68.543
97.7544
89.5478
118.002
87.034
125.443
107.534
112.933
86.0016
80.4916
123.937
84.7796
98.277
111.329
84.7302
116.687
97.08
110.865
73.2126
95.9992
111.005
94.2564
86.0526
94.9044
66.8066
102.74
105.203
94.2138
81.2058
109.145
103.321
107.401
101.42
90.4964
82.0686
107.004
125.226
91.7186
118.142
89.0184
93.3216
120.495
91.113
85.3998
80.08
93.5166
106.299
78.0744
102.564
122.365
122.016
99.889
93.6266
99.2508
103.362
94.7354
98.4996
119.281
90.21
97.41
81.2352
103.039
84.6596
80.287
109.851
102.753
87.2816
114.629
86.617
93.255
106.512
142.196
104.641
86.047
85.1212
97.729
91.7752
106.898
110.924
106.809
90.6558
109.508
87.297
115.466
116.201
105.577
94.9122
100.453
87.8628
93.0962
94.3878
95.8858
125.228
132.966
87.1388
95.867
124.884
84.0602
91.8636
122.279
96.145
81.2342
84.745
90.3314
83.8902
86.3342
92.067
124.802
109.423
109.696
85.6942
98.5372
114.814
126.133
111.993
105.447
89.113
116.412
110.996
77.9664
97.1102
85.254
112.092
113.963
53.4682
95.1656
95.0732
96.6262
60.5244
94.631
92.7502
92.0058
95.1898
103.397
111.811
91.0392
117.968
98.4458
111.532
98.684
86.0144
104.906
97.2138
99.35
122.46
90.3484
136.378
93.5622
98.5446
80.4064
91.4122
87.4342
73.0016
100.427
101.983
83.2958
116.533
113.441
93.94
111.368
66.808
103.912
94.7648
90.0384
81.7016
119.567
93.9202
96.8704
110.45
109.209
81.5064
99.9252
117.552
79.3654
93.7398
90.6038
108.879
125.309
116.207
90.2798
101.839
82.3894
107.005
88.1556
74.0296
90.444
96.4266
69.9054
111.507
116.158
111.456
91.2836
93.67
95.1754
93.2178
91.262
98.6352
102.376
121.114
100.501
107.679
99.3866
93.6914
104.577
89.5842
114.052
105.112
80.1426
89.4014
126.37
84.3242
105.637
94.5962
99.8258
99.0366
96.4224
82.4196
94.7548
116.503
122.936
120.949
100.933
93.4314
108.483
98.838
92.3526
89.8316
122.057
82.7526
94.2194
112.605
86.6524
106.041
107.541
114.079
76.149
105.255
80.848
126.726
102.442
96.0424
121.253
159.284
86.6046
128.641
94.6204
88.78
71.5856
106.147
113.3
119.866
117.031
93.8144
121.265
119.922
84.9648
96.9406
81.692
77.096
83.4216
88.696
140.614
91.237
118.64
92.5494
123.112
97.4638
87.818
111.717
78.3994
82.0274
116.253
80.3342
121.872
87.102
99.927
85.7714
89.372
98.097
94.2224
97.987
82.8902
113.286
119.008
107.816
98.2072
129.69
97.9464
97.7314
65.5618
102.848
74.2912
104.421
111.352
106.799
99.4676
86.8186
106.319
141.4
77.0412
95.4794
89.605
106.894
122.341
115.523
117.702
112.12
92.9648
120.667
94.9398
109.309
102.494
65.5814
83.1956
75.6804
103.027
92.0452
121.748
86.6126
104.793
96.8054
72.4658
79.6068
96.657
81.222
77.0266
106.705
129.924
105.152
102.167
104.372
82.706
95.3716
66.241
86.7206
95.1778
90.6986
110.608
84.4142
82.531
114.26
80.6922
86.5702
100.089
109.647
120.462
95.5892
95.4256
105.825
83.2278
91.7766
83.3002
74.5568
96.0234
80.3322
93.2882
115.273
76.9738
115.524
91.9828
89.3506
98.4488
101.801
100.78
95.4672
89.6166
90.7036
97.3046
101.379
117.654
124.854
94.858
80.7982
102.15
77.7084
98.4014
72.024
78.9738
94.3336
88.077
78.8084
77.6324
74.4894
113.698
110.753
89.344
99.2704
89.6412
96.5616
105.718
98.7542
98.0368
105.124
85.9786
94.4728
104.726
88.4472
110.839
77.3328
94.74
113.312
90.0922
94.9772
107.822
117.485
104.885
112.949
97.8754
92.353
95.7242
111.711
94.9552
109.646
106.161
97.0932
89.6572
95.7836
82.5276
64.7864
105.818
85.8856
121.683
117.845
88.83
102.581
148.182
85.7408
140.752
88.8862
92.6738
100.371
82.6172
106.44
83.827
91.6898
89.297
83.4374
97.197
109.427
93.4576
93.07
97.298
92.4282
99.1062
107.656
97.7972
111.558
90.4776
112.725
109.976
73.3878
102.038
106.085
78.9804
86.5262
94.6422
81.3872
89.4816
98.8148
72.7508
85.2596
81.642
68.5698
119.006
111.833
112.092
102.319
93.6952
99.2408
120.519
100.658
117.506
78.5692
104.585
85.1464
87.4066
111.166
107.649
100.454
119.973
113.77
94.8338
99.1226
90.1856
107.099
78.942
105.422
81.384
105.993
95.5794
141.525
112.412
82.7414
91.0118
101.23
83.272
100.279
90.9166
104.944
71.3778
117.663
101.759
94.7094
98.0264
113.725
115.951
116.2
133.792
96.2832
97.6046
124.784
93.3658
87.2312
102.842
100.257
108.114
98.763
101.038
90.2276
133.374
111.657
114.578
96.355
116.533
71.5946
113.036
81.4386
67.4896
91.9736
117.33
100.269
107.656
85.1244
103.234
108.971
75.718
93.9264
110.34
77.3632
91.2552
94.6306
104.472
121.897
105.607
96.4
92.8848
93.3064
84.4664
92.2564
100.208
95.0296
71.4452
93.6248
88.9194
136.382
97.4392
94.7774
103.272
89.7676
102.837
77.74
103.448
107.685
126.374
92.11
97.552
97.3342
86.5512
95.9978
109.179
96.118
101.817
76.4174
124.454
95.0598
106.962
107.568
113.15
102.381
86.8198
99.826
88.6602
91.8146
97.0812
96.3926
126.482
79.5308
98.3426
100.806
87.0744
102.184
96.9702
92.3256
65.0578
106.006
92.8766
127.805
104.208
139.272
78.0816
105.769
97.0994
114.529
68.8812
94.4612
88.016
110.448
77.6096
105.842
116.686
116.193
106.015
92.904
96.2908
74.5384
107.013
104.77
125.204
120.998
86.5002
89.966
94.3666
102.786
100.494
89.6792
116.626
89.8104
130.236
78.1942
100.778
109.309
100.573
79.1416
89.238
77.5634
89.2582
67.407
94.513
98.052
142.306
112.694
82.6442
98.8648
78.643
95.8076
87.3092
130.263
87.9272
105.917
85.4984
82.8724
104.396
135.984
76.6534
90.6716
91.9352
87.2116
105.133
117.191
100.465
112.411
113.064
111.348
105.182
104.536
79.0476
96.8028
94.4552
102.1
113.817
117.184
84.9804
105.25
108.317
115.113
85.7372
95.5604
111.678
75.0904
118.035
78.362
109.385
101.515
142.802
65.3922
84.5332
85.6014
100.867
78.7398
72.8452
100.248
99.7556
115.423
80.994
92.0484
93.5962
84.2666
84.8782
98.4468
80.4992
91.8594
83.2872
101.977
138.917
88.286
86.7766
116.209
119.495
84.777
81.6488
94.2046
100.015
94.1906
106.626
84.005
106.526
104.184
93.0072
103.105
90.314
100.185
86.0128
102.766
73.8796
107.171
155.095
66.7644
81.899
92.8244
98.437
92.2624
85.565
109.312
90.5518
106.614
97.2476
91.908
129.626
92.804
101.643
80.3102
112.109
113.163
110.972
92.3706
70.3378
101.835
103.703
112.128
90.5162
100.035
93.349
85.1858
97.754
79.7904
102.485
115.821
94.907
94.9402
115.28
106.482
115.741
86.3518
106.946
98.665
82.8648
86.1682
121.341
108.323
107.36
94.8842
106.024
100.659
94.2238
109.12
99.8774
85.2418
108.741
109.917
117.034
78.9366
103.695
117.231
74.7932
74.899
93.9458
75.191
110.837
101.705
110.777
85.8448
121.036
116.615
91.3438
88.526
103.289
93.3258
107.074
99.006
86.2832
129.045
73.6072
100.998
148.301
89.48
93.1196
102.401
84.5848
97.2088
76.6034
106.442
80.7388
111.666
104.123
71.0448
96.5456
80.418
88.9964
116.45
156.117
81.4834
95.6822
99.3876
91.6036
63.1908
98.1802
76.942
114.966
95.1428
99.6516
103.913
106.482
90.1168
129.612
92.327
85.0108
95.8126
106.151
85.8038
101.685
108.59
86.0322
94.5446
120.784
92.3356
78.2126
95.776
109.154
76.4412
97.7484
80.0082
98.5828
92.2056
105.985
155.748
116.507
118.405
92.282
112.958
97.9004
109.788
106.628
98.5368
85.106
89.8744
73.7098
104.134
79.32
85.7228
106.566
79.8702
102.991
86.391
119.261
121.561
129.295
94.2484
114.585
81.8574
114.905
101.175
78.6534
88.7186
90.994
97.6212
101.98
89.321
111.366
116.267
88.0576
90.979
108.432
95.6906
101.245
84.544
103.965
135.324
87.6952
116.611
101.887
93.744
104.679
89.0104
87.3366
101.079
88.1638
85.1374
87.489
112.118
110.428
87.4384
92.467
70.1002
87.3348
95.9198
85.4776
109.907
88.988
119.532
117.937
94.0536
94.5716
80.9692
106.664
89.8648
100.427
64.6786
111.645
102.326
128.16
112.608
100.538
86.504
106.118
100.913
92.139
100.803
122.626
95.1874
107.014
86.911
94.7906
100.514
91.6836
108.518
90.3888
68.3334
81.8766
112.116
75.5182
108.072
119.094
130.45
71.4822
88.5986
113.11
97.3892
87.8804
114.788
100.357
115.996
84.1016
120.864
96.8592
115.098
104.65
86.6188
114.207
76.9342
71.703
103.881
118.789
100.223
112.727
74.8888
86.6616
87.6484
88.082
85.7458
103.821
106.755
120.28
115.583
83.6532
85.3976
111.672
91.6596
78.2266
92.8564
96.3842
81.9342
83.4402
80.9114
109.34
126.109
115.886
100.895
103.621
99.5726
88.0298
120.465
101.737
110.656
123.309
114.511
92.3996
103.044
76.6366
97.365
87.5604
90.3526
78.4154
123.926
103.14
110.407
121.019
89.9096
81.3806
113.391
87.7726
85.8684
95.0218
83.3608
114.386
88.502
116.653
89.572
119.053
94.998
90.116
94.8574
105.587
78.8432
92.1322
71.4638
107.611
86.5458
120.929
94.4302
86.0728
100.364
83.1816
99.8566
80.221
108.581
94.4112
106.005
108.134
95.4104
103.171
95.4312
90.5272
98.6276
79.3622
118.625
124.584
90.9064
79.4436
85.4366
84.4592
118.782
87.9422
97.928
83.8684
99.4784
125.756
100.832
91.767
94.718
77.1276
106.198
84.7058
101.139
98.126
58.8674
90.5728
93.295
102.934
87.1096
136.094
107.197
101.829
80.0612
79.9628
88.6072
87.347
81.2608
98.383
96.1066
112.93
95.1634
107.778
91.3642
98.223
109.335
81.3196
78.7732
84.9432
80.5942
115.543
120.689
76.4144
99.926
91.0812
117.03
118.896
98.3536
95.3542
90.46
120.806
127.468
75.2452
107.314
93.7432
88.6548
104.639
100.446
83.7952
96.0896
91.8278
104.27
77.1788
107.785
122.578
118.265
94.5766
106.077
91.4442
116.084
110.382
107.427
119.337
117.159
103.569
101.854
118.556
91.8128
101.904
102.956
77.9484
107.738
100.269
90.9532
81.1958
91.289
125.779
95.0286
82.347
107.041
88.8892
80.8668
101.398
120.061
100.265
89.9538
96.5284
90.8922
135.259
107.134
113.742
76.6548
102.259
107.887
74.6544
93.4792
106.761
98.7356
96.8222
100.256
85.1502
90.0126
97.1126
111.498
119.153
103.519
109.413
90.9366
87.4736
76.9296
95.6886
80.0578
122.249
91.0286
135.623
117.626
111.287
89.4862
154.187
100.304
135.458
97.1478
94.9826
115.166
81.478
107.431
82.9148
95.9372
87.6506
80.877
117.112
96.0198
101.089
71.2818
93.7116
95.6152
94.2544
102.177
95.6098
108.259
77.5316
126.253
108.393
97.996
117.177
93.5926
92.0394
116.397
117.919
115.966
100.877
130.151
96.5852
89.0794
86.7338
80.225
111.683
87.3602
112.844
107.028
107.686
102.84
136.29
110.963
119.206
80.3222
114.78
83.4138
82.8744
97.0526
114.134
95.9936
115.2
105.471
88.5566
84.1012
103.747
97.3184
84.9274
103.208
80.097
117.935
113.845
99.6318
107.617
100.095
78.0026
114.422
89.8614
84.1636
96.929
81.7056
79.7886
128.82
93.4278
110.155
100.444
85.1544
102.064
93.4262
115.269
92.6616
104.038
119.045
115.887
96.73
116.196
90.2276
120.074
77.2522
108.83
95.328
105.95
81.4726
115.765
92.083
106.698
70.119
109.771
116.681
89.1898
93.7226
109.486
114.932
113.137
109.72
98.8576
93.6674
107.798
95.349
87.1258
83.8276
95.121
90.2264
95.9036
103.223
77.7286
133.829
105.851
98.5052
95.5102
88.503
95.589
103.35
88.8554
96.598
93.3026
141.876
75.1984
109.69
96.0028
95.2114
101.261
87.576
115.556
88.5804
128.154
99.3982
93.34
113.345
70.1808
99.3384
94.0472
91.8394
108.528
80.6764
140.407
106.493
97.697
111.484
114.95
102.899
78.6358
95.1512
94.1084
90.2396
118.123
81.0342
101.615
102.093
104.335
107.537
78.7868
98.7182
90.4496
93.3778
82.6306
101.503
99.6228
113.305
94.6032
116.402
94.4526
106.119
76.8108
101.238
64.9286
99.1892
100.362
103.797
91.2906
87.2388
104.521
134.233
82.1864
76.824
103.674
88.5576
111.672
121.287
135.275
110.436
104.509
92.0992
112.24
102.413
105.346
83.2652
103.506
74.4612
112.694
79.5866
113.753
114.171
108.71
83.2824
91.4562
76.9688
92.3186
71.1966
95.8766
120.182
118.842
135.314
70.7802
110.973
82.2612
100.147
74.0342
95.847
108.357
85.5616
91.159
82.1382
99.4354
128.509
79.2574
89.7406
106.902
98.9128
114.277
105.629
110.49
85.5936
87.2272
116.32
88.3524
101.217
91.3108
85.5
81.5066
114.809
76.4274
111.022
83.233
79.3338
121.197
113.498
90.3726
101.329
94.601
73.387
94.0636
87.79
115.567
107.496
93.5328
80.08
102.992
99.1112
72.0306
78.7904
84.4924
106.974
88.9348
99.8914
79.565
84.48
108.524
108.551
83.8504
112.746
81.963
79.5586
119.981
87.7362
110.155
96.8856
85.0772
116.775
106.384
88.4822
100.241
90.3572
106.82
90.4276
85.4162
83.608
124.525
107.661
98.1566
112.455
97.5396
86.1366
95.3872
125.067
81.8846
88.0768
112.851
84.1584
97.0918
89.7904
94.885
97.2684
100.137
92.2874
131.742
103.909
97.6216
86.0268
135.693
88.8686
114.552
103.693
96.829
94.769
89.2962
92.2412
81.9496
120.29
83.7214
102.472
79.9222
111.371
96.3902
88.4552
90.1808
93.7322
100.084
103.708
93.3396
120.107
111.706
99.6334
91.1018
81.6884
102.831
113.119
90.111
90.0704
119.589
77.194
84.3414
91.3068
101.323
77.1048
76.3202
90.7248
114.692
110.203
95.9898
100.725
122.136
68.6814
118.717
127.405
81.0468
92.585
94.14
75.598
104.889
99.1364
105.6
99.9874
140.005
97.8352
75.1582
76.928
103.403
100.527
97.1738
105.326
79.4372
113.947
93.2746
113.111
132.937
80.6556
94.7604
106.661
103.984
89.3904
82.4048
102.398
92.7812
112.292
96.1226
65.6226
86.4594
95.4224
119.156
117.666
131.381
107.433
102.507
106.285
122.652
68.638
108.474
80.7876
100.239
107.354
91.8366
102.116
117.596
106.955
118.077
87.759
103.761
86.109
104.822
71.543
82.9882
107.015
112.302
92.4794
114.971
87.7452
115.563
106.278
89.3512
85.4022
91.9922
87.6842
91.2992
105.986
86.8272
127.228
134.17
94.735
88.7566
91.6304
72.0606
106.114
97.3202
85.9798
78.9502
122.761
74.9948
120.906
111.228
92.0114
110.582
85.877
101.807
81.773
109.657
102.735
123.822
101.834
97.0882
70.8038
104.143
85.8126
101.598
90.628
98.826
117.599
128.578
90.789
112.671
93.3902
102.097
84.6488
83.2478
97.7816
95.0054
88.645
79.139
115.355
106.127
81.4444
97.3608
123.581
98.3876
90.0016
95.3244
98.0158
76.6232
108.188
85.821
130.658
101.462
110.804
67.6882
89.112
115.911
103.958
78.3522
93.1614
82.12
122.064
113.182
93.1654
105.783
83.4758
94.6716
99.9634
89.8768
64.6286
102.491
102.77
117.083
99.5574
88.9092
88.5468
114.728
83.0622
89.1442
98.636
98.8818
100.524
92.4276
98.5526
97.661
95.6396
91.869
91.9836
105.236
90.0488
75.4362
101.852
102.303
138.618
131.59
133.081
92.6996
70.9968
80.1168
89.2214
87.525
108.374
99.6596
134.777
91.872
96.4356
96.5648
99.8122
92.6822
106.225
99.4526
97.961
78.8224
107.429
117.596
95.2856
124.098
95.9274
95.4914
95.4128
84.3664
86.5396
115.743
93.201
120.406
99.0516
88.4148
104.945
113.706
102.9
71.7064
106.631
108.709
94.7942
97.3148
89.8226
116.396
119.988
111.677
86.8328
77.6562
86.166
111.705
99.5582
89.5526
104.385
118.649
113.547
78.1882
90.1598
78.9866
92.7268
115.601
92.439
82.244
123.491
101.023
88.2022
130.283
85.0592
82.4586
124.644
107.94
98.4852
109.571
87.849
125.578
88.1408
96.911
92.3716
141.395
115.355
89.474
94.7058
89.224
80.559
98.7496
95.9294
102.113
88.8922
125.445
81.2858
88.203
101.002
84.7476
102.27
82.8558
119.643
90.1228
104.267
88.2106
117.182
120.692
110.546
89.8934
96.2542
92.6522
117.651
123.825
94.784
88.2238
97.6384
80.9856
111.461
81.114
80.627
92.5458
92.6456
118.28
91.284
111.303
107.132
76.2458
101.531
110.967
99.1534
106.497
90.0046
99.607
112.024
103.588
91.8662
106.69
107.227
95.6378
98.5592
104.879
90.782
96.2812
99.3918
85.9414
98.8058
121.402
110.336
116.61
105.689
94.7648
100.166
77.596
96.4778
87.2318
80.2026
105.418
120.929
80.8764
109.751
115.265
115.936
95.557
95.874
91.6374
91.013
113.288
123.488
79.6514
116.228
79.9444
99.347
116.4
102.268
86.0234
117.203
83.5594
103.13
86.5642
109.673
113.997
118.509
108.444
81.4186
91.2866
91.5852
81.8896
103.422
146.68
103.901
123.856
86.8424
101.331
68.3416
112.299
68.33
88.8676
99.7242
72.4958
92.1814
104.791
99.493
119.345
90.9062
102.562
107.23
86.3554
90.9286
95.723
110.872
98.1722
87.7986
106.996
101.343
98.2068
101.178
126.789
78.776
115.267
104.798
92.6152
115.87
107.667
118.466
89.958
124.124
94.4648
102.118
94.6432
108.464
98.3626
90.2194
98.3594
93.3602
109.516
90.1214
102.585
82.9732
122.287
66.7536
113.401
86.976
116.354
96.7816
127.474
95.0262
125.299
105.982
102.252
129.267
73.2762
102.645
84.532
102.514
72.3172
107.789
112.967
95.56
88.9116
103.013
96.9608
110.582
81.578
93.2912
86.4488
143.326
93.2002
109.029
103.424
106.968
107.817
91.7964
93.6544
104.481
115.791
90.175
90.5714
120.928
119.106
86.6842
96.4156
61.044
94.1318
80.6612
102.439
102.789
115.616
116.013
123.935
80.2096
121.301
72.0194
124.558
89.2036
96.3724
90.5686
118.162
116.569
112.385
97.37
109.873
94.7702
96.8974
92.8834
102.327
92.6422
89.3194
113.08
114.255
74.8566
97.9346
119.48
90.6802
102.091
87.3936
84.3156
86.2904
100.634
77.1338
112.454
102.847
110.34
80.4668
77.226
110.544
84.6266
115.885
102.583
102.239
134.298
105.058
104.956
96.7332
103.728
97.9814
76.996
124.06
71.5208
102.261
97.0752
115.354
105.625
98.3242
81.8122
115.304
104.688
83.7026
90.444
121.032
102.782
97.2104
114.238
89.6548
90.3762
93.2554
104.207
90.0864
79.0588
97.6378
99.156
75.5808
104.823
92.6774
137.845
99.7566
93.587
101.202
102.65
97.7076
112.862
78.2002
95.3818
91.21
95.8212
97.2564
100.545
86.772
95.6038
94.0058
91.241
77.6104
97.1622
116.398
116.908
105.197
105.538
79.0768
100.184
102.958
93.9564
116.803
87.848
104.609
119.76
96.7446
95.93
114.403
109.876
89.0958
97.8994
107.247
84.651
121.312
76.5314
106.386
112.712
110.482
109.654
86.1632
116.355
96.6434
113.044
94.154
130.94
100.433
110.652
99.0402
119.838
88.5252
87.3852
77.5816
97.9398
77.297
118.865
107.308
95.2776
85.8856
89.7666
79.7346
118.983
98.2428
79.7668
88.4688
87.7578
101.238
107.225
92.6422
103.984
99.7706
98.3482
117.344
122.226
92.6872
71.0528
106.543
89.789
102.346
81.0196
126.875
125.561
99.8446
91.192
81.1008
89.2026
79.1134
97.4828
104.977
103.987
99.4068
107.4
87.3294
93.9282
104.607
118.613
78.858
87.108
86.26
70.306
108.789
129.602
64.112
92.7274
89.7624
111.621
107.58
81.0578
95.8492
88.834
139.213
90.4954
82.3166
104.251
89.8456
93.2026
113.159
106.516
79.417
98.0152
113.528
109.338
79.399
93.8874
137.496
116.744
94.2222
101.332
101.248
103.641
114.534
78.9478
98.738
111.253
106.601
88.0944
137.267
86.6466
87.071
97.951
81.2826
120.458
108.987
88.3066
75.9286
100.786
113.984
103.505
87.3994
94.5622
94.9138
89.4892
121.933
114.163
95.332
87.026
89.9902
114.593
133.996
102.732
110.223
91.0262
108.354
77.7748
82.907
83.6184
131.4
92.8954
96.814
104.583
96.3688
74.0722
87.5566
115.187
101.543
107.811
90.6554
99.4152
93.7904
66.241
98.4208
116.272
90.9412
101.651
118.395
108.867
130.149
89.779
130.979
100.717
125.068
95.4536
98.2364
89.9762
97.2352
68.1258
94.8584
114.454
91.236
117.283
94.0488
94.86
79.9692
74.787
108.037
96.6918
105.727
115.053
88.5
121.001
102.529
116.989
97.6604
98.6186
122.755
99.0562
95.3884
109.863
105.282
102.211
103.745
100.486
140.342
70.59
89.4936
75.3558
113.469
93.2472
110.127
120.938
103.24
80.5238
111.168
102.34
92.4192
85.0962
83.6606
69.6238
97.1726
104.793
95.9378
108.174
126.181
85.5618
82.144
83.3994
114.174
84.599
86.6986
103.602
71.823
132.3
87.4412
88.5644
133.498
107.936
86.8404
104.474
92.1426
78.3716
74.4546
73.2236
99.5798
110.549
85.6594
76.66
89.0638
101.068
104.17
100.192
113.655
100.065
109.307
111.521
125.85
84.1484
99.3078
69.8584
93.5028
89.3578
97.0452
105.419
115.012
96.7106
94.7574
104.108
105.619
74.7492
80.7264
87.8752
91.0584
120.819
124.065
110.596
118.847
90.3508
128.65
101.84
100.508
88.1406
93.2162
106.674
80.9578
110.411
83.2498
100.56
98.3744
116.872
97.0332
102.661
79.326
108.459
107.54
91.8714
88.2804
124.27
83.7262
126.498
88.8486
89.396
106.171
76.5546
97.3574
98.7128
108.19
91.9152
130.449
94.3298
95.4608
77.755
102.196
93.9132
99.1412
85.7192
95.3836
125.292
113.084
105.834
106.603
101.635
93.3622
91.3308
86.8854
82.6426
96.1276
91.3144
101.183
101.165
98.3716
93.5656
78.381
137.72
97.1052
86.9948
86.4648
100.743
83.9676
98.4458
96.7708
114.225
91.1726
102.178
81.8096
96.0112
85.322
86.6026
84.828
101.87
87.8938
126.965
106.02
99.4834
116.859
96.6842
82.7734
79.7274
100.275
71.1528
107.501
109.679
124.55
81.2614
134.447
92.85
119.449
96.0826
81.8606
98.6826
122.899
81.9034
84.8328
93.3724
105.409
117.95
115.811
87.4976
91.5032
69.4062
97.563
101.654
100.054
128.787
141.815
123.299
85.64
83.8124
74.8106
104.975
83.9998
95.4032
86.027
113.514
77.311
96.419
113.168
128.172
91.2312
105.105
122.26
88.8518
93.3398
93.8894
117.298
79.0728
98.2798
101.111
79.8144
109.244
83.2332
72.1624
80.8238
109.486
99.5768
96.665
115.408
68.8628
109.83
103.932
85.629
106.644
101.812
71.2764
89.3148
107.568
101.516
126.205
95.0798
86.8646
93.9472
94.747
87.7422
99.1314
93.351
112.793
77.6718
81.8184
78.8082
99.5448
97.0216
97.7362
95.177
93.8026
93.4308
99.3892
128.168
80.5306
100.872
100.126
76.4768
109.165
86.7802
89.0524
107.045
89.9662
110.63
89.5552
85.5668
83.5946
139.671
108.052
84.1294
114.125
94.7292
84.06
97.1194
96.8754
100.022
84.2036
110.657
93.3028
84.1536
83.2238
78.8504
102.322
81.8632
111.707
109.882
113.953
95.3934
108.503
123.91
124.12
97.6586
112.183
76.3698
97.257
101.087
106.463
88.3754
125.51
59.7196
98.735
79.908
102.031
102.015
93.8972
94.094
108.37
115.316
93.1926
81.0076
115.709
120.883
98.833
98.6724
93.5986
76.4016
104.327
75.2196
98.4544
124.277
91.6292
96.4706
98.0242
87.3106
87.307
75.2798
94.3292
93.4938
87.4996
105.878
85.958
135.605
70.6876
101.517
124.182
84.158
99.389
84.5676
85.6242
107.204
105.468
86.703
110.344
126.252
112.975
78.533
91.6492
96.9598
88.4896
104.773
124.713
81.4596
121.388
123.819
113.251
95.123
88.2844
85.8586
110.768
98.358
88.724
94.7334
94.8712
110.713
102.973
110.007
75.4524
86.7238
103.492
119.224
103.387
120.832
106.31
108.305
70.018
108.599
79.0178
119.697
73.5302
91.045
111.715
69.9234
100.652
108.529
104.588
115.624
95.8546
96.276
104.177
69.094
72.915
75.233
123.55
107.537
99.3532
106.969
94.3382
103.582
101.924
94.082
87.907
108.595
90.739
92.5132
112.775
92.938
111.581
104.325
112.454
78.5044
89.5746
88.3758
94.2734
101.094
93.3554
92.3724
117.08
110.459
99.9762
121.467
83.6878
134.932
91.3774
115.223
80.0502
98.5284
100.054
113.315
114.332
115.244
79.9068
107.445
108.678
99.6678
86.9906
83.6634
128.516
122.691
89.9454
116.888
96.7
105.719
87.6668
90.6674
85.541
84.3338
118.644
74.3712
123.289
101.531
77.1272
108.77
98.424
104.718
87.7834
100.616
90.3842
99.1826
92.0118
108.481
132.43
113.795
97.0004
74.6514
67.4422
117.079
85.9474
102.701
81.6446
113.93
82.6064
108.353
89.2732
99.623
88.3562
116.769
99.1898
77.731
88.803
106.951
111.975
88.3952
94.683
73.2186
77.8972
94.6646
93.1964
97.6136
98.622
88.31
124.572
83.4402
92.2934
95.4096
121.672
78.3418
112.578
90.8702
93.4584
78.2296
82.3852
85.2816
138.179
88.0338
123.065
102.851
64.8466
106.206
77.0468
104.833
107.98
105.195
134.292
107.083
115.993
91.4872
82.1242
78.7818
91.07
118.395
105.128
118.091
97.0868
111.877
114.498
109.755
81.8518
114.348
108.942
84.4256
88.9554
124.078
101.701
114.553
96.0724
94.994
95.7104
100.428
113.843
90.1802
114.721
87.5158
105.644
100.591
94.5738
85.8526
118.737
110.265
111.143
77.2848
98.3252
103.61
94.7628
69.8968
98.084
100.095
96.9992
77.7926
117.01
71.0178
84.2928
99.541
80.4386
80.9546
104.199
90.6648
117.814
109.856
101.934
81.379
104.196
112.641
108.705
115.09
74.6652
115.346
104.852
110.388
90.8056
133.058
103.738
83.6592
69.435
101.746
74.6612
116.258
95.7234
118.235
113.263
89.0062
100.569
76.4802
86.314
95.3328
108.167
96.9718
131.973
110.557
93.9188
81.9092
119.544
99.7844
100.978
78.3206
75.969
100.475
103.529
93.3464
92.2446
96.067
110.079
64.2746
122.582
73.2534
80.555
113.733
101.756
108.643
101.672
108.853
110.038
87.6354
97.2598
138.415
119.34
120.804
79.1074
81.5232
107.105
96.8414
82.6868
106.609
120.27
94.6984
88.0588
106.029
79.9976
94.4688
118.861
87.1532
102.167
115.571
88.5556
88.9298
127.469
94.0278
100.294
94.675
107.794
82.7208
91.705
98.1664
117.363
85.7932
89.2398
111.56
123.842
93.1382
72.3236
102.238
87.459
114.078
91.4498
64.6558
112.014
113.559
108.704
134.36
112.8
79.9076
105.386
81.6836
106.683
91.088
86.5556
118.647
114.465
104.484
93.5672
111.865
97.5644
75.7982
121.149
109.268
99.2096
122.533
86.3314
107.149
101.486
102.103
66.7646
88.4794
103.235
96.1852
95.9612
93.488
114.835
116.51
107.618
108.168
101.699
79.3278
87.9292
110.631
98.85
107.26
114.194
88.3792
99.3484
96.3502
113.668
105.543
90.6974
115.022
91.8984
85.2042
93.6198
117.596
100.854
79.964
110.159
126.832
89.5646
102.58
126.141
105.15
84.7706
94.44
97.8068
123.795
77.0938
114.616
108.658
101.261
101.505
86.2344
75.2914
139.191
86.4638
111.827
112.488
108.01
103.726
87.3542
91.3132
77.282
83.8598
80.7324
119.791
78.4246
140.233
97.3024
88.378
87.741
111.923
102.825
104.988
97.7068
106.702
75.6476
105.165
108.858
105.419
98.4898
96.8252
95.1308
104.806
93.6276
112.481
111.531
101.665
89.8694
101.64
133.724
94.0096
97.7102
73.964
104.093
75.7286
101.969
115.71
127.982
82.3716
111.562
86.5782
120.526
66.7906
93.9192
92.8322
99.6628
110.426
110.853
104.382
130.187
89.651
104.586
80.8094
107.801
83.5698
107.317
123.9
89.131
109.828
90.4198
96.3654
130.671
117.405
102.036
75.8584
78.3442
79.7488
76.5688
94.07
92.691
118.935
90.8428
87.4982
100.771
82.0262
117.55
84.2926
126.876
96.0044
109.272
105.916
123.52
98.082
102.452
77.4812
95.8298
100.075
103.323
74.3816
101.589
94.5024
122.923
104.658
111.337
87.5118
81.6992
80.1018
99.2002
104.543
111.322
100.959
103.94
96.7396
102.294
96.3254
89.3782
118.695
93.1528
96.9226
73.1626
116.594
69.9608
121.043
107.497
124.895
75.5368
78.7148
93.7652
101.492
85.9854
106.86
80.6586
116.908
85.9804
90.5308
108.933
92.0428
100.391
90.6716
106.729
78.553
93.9152
92.5036
124.469
87.51
91.3722
83.175
110.787
104.037
94.5574
90.6822
106.31
100.176
110.896
108.874
89.0344
90.9526
99.3468
101.945
98.179
93.0142
88.0724
76.5334
114.198
101.852
98.7594
117.903
110.721
102.226
104.334
82.351
78.8278
101.202
90.6394
128.081
106.8
119.088
90.3134
123.363
75.829
102.853
86.8452
73.0712
99.9228
97.9858
89.6104
82.9852
96.9366
97.4956
102.516
95.4862
96.629
78.9058
99.3142
79.2352
91.0262
110.118
89.634
100.432
110.953
97.3908
115.21
121.644
68.7776
79.422
125.09
85.9174
81.5752
111.099
107.041
127.298
90.486
83.9952
94.4658
85.0574
86.1328
122.411
89.9808
106.087
112.065
111.325
77.6228
85.3144
92.3718
105.865
97.6066
94.399
76.0536
98.1914
116.161
119.728
76.3642
115.851
104.324
115.148
99.8882
91.0182
79.8644
98.892
128.521
83.0868
103.669
87.102
91.8638
105.39
94.7198
94.9918
74.1674
79.1648
101.456
73.046
122.869
75.5768
124.743
107.122
83.693
109.615
103.011
94.8604
89.4686
108.791
94.513
114.747
91.0518
79.4838
115.777
110.249
111.597
99.4316
100.058
111.601
90.01
89.2846
107.621
123.361
103.037
95.6426
71.063
81.6426
106.815
104.429
128.344
102.061
106.944
100.831
66.9848
109.958
106.115
102.02
117.676
107.009
91.938
82.0982
78.6688
89.81
135.856
101.347
93.8288
128.628
108.984
93.8964
92.2954
115.749
94.6222
79.3758
113.068
97.007
91.1962
62.736
94.9576
126.976
92.8574
107.815
100.279
86.1216
118.765
116.106
116.105
106.625
109.785
114.488
95.3484
88.989
111.637
89.9034
97.2436
117.462
72.5628
97.1526
93.161
117.531
73.828
94.3928
83.195
103.029
108.748
92.6714
92.1226
117.218
108.74
95.6674
115.23
103.507
90.351
105.574
95.7832
100.53
121.08
96.1496
133.317
83.84
120.543
81.6352
91.6886
82.1036
84.0976
98.117
92.9872
101.167
122.77
96.6628
94.5286
103.142
76.9192
106.635
79.181
86.3122
92.0554
108.102
100.085
106.38
117.215
102.897
85.3388
97.5986
113.416
88.188
84.4944
120.734
85.6226
135.842
108.324
80.5466
107.266
93.8288
93.387
86.218
85.7846
81.9162
79.839
68.4276
117.487
109.291
97.7576
84.1264
90.3598
96.772
99.2498
85.302
110.313
91.6932
89.1192
83.6744
94.426
74.3264
110.208
98.8596
91.9316
89.3854
93.4532
98.0706
95.1358
126.399
100.669
91.891
113.967
94.5554
87.048
88.5782
83.888
113.257
124.234
116.622
116.462
90.8456
91.8484
79.2826
95.7468
93.5186
90.813
104.395
91.8164
118.098
97.5884
102.474
117.561
121.639
91.8874
86.5316
84.327
97.9396
93.6372
92.1698
104.635
103.406
134.125
79.0132
115.46
78.79
117.591
84.7326
111.552
98.2428
86.6156
96.9776
121.624
110.151
114.174
82.8286
88.2428
103.865
96.2894
81.6424
100.58
117.416
101.852
114.028
111.525
115.304
98.6848
89.9636
99.004
75.9578
72.4258
103.817
97.2386
100.172
82.3332
93.7452
79.111
96.8566
102.639
82.4566
102.373
97.416
115.532
112.861
102.327
112.221
111.043
106.343
83.9136
76.9406
83.8218
87.8668
93.903
109.059
115.113
92.293
95.1834
107.826
123.392
89.603
113.547
91.5638
103.538
92.385
103.719
114.648
114.251
83.6544
115.974
87.8914
87.7206
96.6092
70.4142
91.9268
83.1322
103.66
83.5768
107.387
103.57
125.582
107.873
93.0338
77.6226
88.0836
101.407
92.0202
108.585
120.009
108.824
114.494
93.4466
87.3778
89.168
77.4582
85.4964
110.81
85.2674
108.349
78.5918
103.059
106.025
110.952
79.2342
97.5126
129.745
91.4206
94.2464
92.4666
103.804
92.4334
98.7416
77.4264
92.0128
116.823
73.559
71.4628
99.2082
88.8944
111.424
86.4192
106.89
91.8964
103.015
116.801
92.3542
92.315
100.356
95.9136
100.557
130.414
98.6988
106.393
86.166
93.9498
90.756
82.9716
87.6436
89.882
85.1324
112.706
66.557
82.4266
79.1748
117.064
103.126
90.8418
88.0266
89.3464
94.8948
101.354
96.3622
114.155
106.696
97.659
86.2014
106.805
95.6734
110.183
108.483
94.0604
88.8836
84.0508
113.922
89.8516
126.504
110.865
79.0492
79.959
113.519
87.6194
109.255
109.109
86.6528
101.536
105.157
109.967
77.3444
93.5068
73.1292
101.695
94.0294
114.224
113.425
108.026
89.839
120.347
94.3254
106.746
78.4468
104.75
88.4762
89.5568
105.832
96.3856
90.9784
112.23
64.8798
100.35
94.9324
95.887
116.308
96.4942
89.8572
112.851
94.0268
106.662
104.579
86.2028
128.834
109.968
91.2712
108.036
74.3028
108.026
71.202
90.3304
99.921
96.4138
98.0778
81.5428
94.93
90.2068
71.984
106.358
99.51
102.671
103.21
83.4936
106.675
98.7622
104.416
127.96
85.0842
106.709
84.0414
94.1738
111.075
97.2922
104.171
109.193
121.029
121.335
94.461
83.616
107.841
77.305
126.091
89.6192
74.5776
119.693
129.839
107.618
98.0442
86.278
93.5998
97.636
90.8368
92.3314
95.7772
68.9966
119.917
107.977
108.272
88.206
129.637
102.788
115.092
128.011
93.6478
100.277
123.601
89.2808
103.436
102.248
99.0464
86.7952
89.1972
112.364
94.3642
108.776
105.566
111.871
110.171
100.749
70.8354
98.251
79.614
69.7164
91.6456
109.32
105.353
133.358
91.9132
96.8144
97.0314
78.5556
73.1914
101.146
82.0374
98.795
87.5706
85.7902
118.081
94.2352
88.0814
97.1728
102.215
80.9264
92.3012
89.4118
124.165
86.215
85.6296
119.235
143.921
84.2866
117.06
114.631
96.1738
94.2294
93.8204
75.4296
124.512
101.911
107.499
115.577
126.215
90.3768
106.913
96.5072
93.5788
84.7166
68.3414
155.852
104.489
106.465
103.775
116.578
107.484
92.2996
105.658
83.7826
85.4906
93.6666
80.9638
118.62
94.6028
99.4328
107.899
95.0454
109.68
89.6756
90.6946
80.034
109.628
114.612
115.55
112.744
141.319
85.5654
81.1136
69.5708
118.327
70.5508
113.623
97.454
123.822
64.4704
103.024
94.3228
116.737
85.373
84.564
88.3944
88.0746
116.942
97.1474
117.955
106.727
92.1746
88.1506
76.154
99.89
90.1048
89.6118
92.6928
84.4098
113.026
88.3842
99.5128
99.678
99.1022
83.6528
86.6334
79.6872
91.7012
74.8578
93.31
77.8478
142.945
81.54
98.8654
100.12
80.6096
104.607
69.7394
113.563
83.3048
100.813
95.5954
95.5134
97.3542
122.238
69.6538
83.5518
93.3516
108.902
121.503
113.13
117.119
122.385
112.229
129.807
84.7754
89.3904
72.49
103.037
98.9778
99.7486
103.401
119.548
91.2112
109.096
97.7148
119.403
100.837
91.3302
108.028
73.5316
105.171
81.1318
104.158
89.2612
127.789
77.9372
84.0858
76.7238
111.764
86.4402
81.1274
95.203
102.328
90.348
78.6694
84.0162
120.684
82.2558
72.563
106.46
88.6986
90.7474
88.5406
91.6264
108.124
94.444
80.9826
99.9834
99.3
109.552
107.277
91.1528
91.544
117.442
109.838
85.3552
103.112
109.668
109.142
94.3366
90.511
92.9832
79.7632
118.719
95.2468
127.169
125.967
81.5012
91.6058
80.9302
83.9494
83.7694
108.731
99.4862
110.066
112.934
102.815
92.8488
144.115
102.473
112.61
68.2152
79.0632
119.289
109.455
90.6214
76.0496
100.573
99.8462
82.8676
113.94
81.991
90.2724
92.581
99.9076
96.7582
108.637
103.746
101.719
102.833
102.747
116.479
122.689
96.4102
87.173
92.3222
83.1578
83.9706
109.673
112.213
123.659
99.9058
98.8852
85.8738
80.7134
101.276
114.897
85.7906
105.933
114.86
101.984
87.2122
105.484
99.3748
88.0888
80.285
97.4734
95.1468
94.7738
102.777
123.627
91.1212
113.254
122.689
115.757
94.6384
102.128
97.0618
100.454
96.8846
77.8586
101.07
60.8156
118.335
124.219
106.265
90.9146
96.6444
83.6684
104.182
94.5194
112.197
62.4214
111.044
101.129
86.7522
87.7522
81.2954
97.3886
94.7898
149.223
83.2926
102.889
100.789
81.716
93.5232
113.473
102.73
100.431
94.1852
112.685
100.449
119.405
108.428
123.136
94.5474
89.9396
86.855
109.52
92.6072
91.0022
101.371
84.8924
112.771
102.105
82.0578
79.2278
101.818
117.089
107.56
103.171
91.8052
92.1766
83.0788
117.83
152.121
110.66
110.221
99.0774
123.641
101.788
106.606
115.394
100.874
83.8972
100.38
87.9114
127.012
79.7544
96.183
108.52
83.8554
112.438
87.3812
88.104
116.709
124.472
92.149
104.773
95.5458
118.738
74.1298
81.819
96.6464
107.499
78.561
111.557
81.2658
118.615
125.944
109.681
86.2596
113.743
92.6172
110.808
91.6202
125.487
96.6074
102.534
110.668
84.1858
88.9944
93.9346
82.9878
100.091
84.0552
88.7086
96.1372
92.3904
97.7686
101.539
106.322
98.5392
82.9126
86.983
101.373
62.301
112.524
102.468
132.645
91.9826
102.454
83.8142
109.261
89.6728
83.4834
109.626
83.6434
122.636
119.363
124.99
127.525
86.8172
94.3602
99.3124
99.4348
87.6482
104.157
132.167
93.3386
122.597
100.019
96.4386
119.005
106.267
102.021
89.2696
69.4982
82.4678
93.0706
88.2458
93.792
131.538
114.14
70.2362
99.452
98.553
102.3
77.5208
120.557
100.652
97.1072
82.8772
101.332
77.3468
121.168
107.898
79.859
95.178
87.6926
78.4088
99.393
95.7828
126.31
107.252
94.6572
99.999
71.0296
81.6652
88.1236
103.907
108.432
104.611
112.385
82.0902
93.9356
109.741
95.0426
104.571
99.384
94.8734
73.4202
117.741
68.7336
120.504
106.839
139.041
86.1806
108.902
87.7736
80.684
89.7792
96.0156
95.1994
113.193
109.708
84.984
102.578
74.461
95.5294
88.5774
99.0174
73.9866
84.6908
93.3858
131.38
118.131
100.594
80.9494
116.924
103.141
78.2828
92.9642
94.0296
104.72
99.5908
119.827
92.339
90.5582
105.877
98.9668
106.422
90.9054
86.9024
94.0734
93.3776
99.8876
91.7904
127.977
98.7484
82.1156
93.0358
96.3924
81.3742
79.501
114.229
105.909
111.333
119.956
85.1384
123.914
94.5076
97.1924
73.9774
89.951
116.488
107.904
100.621
82.2454
85.5138
105.452
107.462
90.2584
116.407
81.3024
108.441
104.221
93.5096
101.448
94.3856
93.4516
112.752
99.5412
87.5008
113.109
69.2252
90.7542
97.1956
115.159
89.0572
137.475
107.678
117.157
85.3898
81.0536
110.597
86.5038
99.2546
118.377
90.3478
121.077
101.101
109.989
75.7818
100.606
110.082
87.7488
80.2008
99.5748
66.4536
105.099
113.787
96.0812
86.6526
115.836
105.443
112.335
96.6012
89.4816
86.5098
112.763
122.685
87.318
116.242
90.343
90.9958
119.566
86.4346
81.2996
83.2836
89.2146
108.779
82.475
95.3066
111.389
120.704
106.936
98.09
95.592
105.774
98.7712
96.5712
118.294
94.2544
99.1696
80.8802
109.495
93.4806
80.8668
108.448
95.2788
84.5872
114.684
86.0476
92.6156
102.435
152.51
112.494
81.6602
92.378
99.6164
91.8236
102.787
109.969
113.036
93.1746
104.227
91.4248
129.271
111.175
112.247
101.606
104.792
81.1466
96.3314
95.9634
98.2622
113.81
121.59
82.7226
90.2676
121.08
88.6332
88.217
124.988
96.6404
88.4246
96.8504
92.259
86.3438
89.9892
86.3818
122.492
108.275
113.235
93.263
96.0036
105.219
140.026
111.702
114.498
90.5416
107.767
111.227
75.2822
104.68
89.2958
104.486
106.984
54.4188
109.62
91.833
88.4106
67.3744
91.577
95.0894
108.471
88.0706
104.106
114.234
83.9392
128.691
103.248
114.493
114.488
82.0098
101.233
102.237
99.3202
115.711
89.084
137.246
92.5384
100.577
83.16
91.9438
88.586
74.2218
102.994
102.365
89.7124
106.897
114.693
95.4882
113.851
67.7692
103.47
86.1246
80.9414
85.8498
121.136
104.43
108.627
118.225
109.453
79.8932
92.466
109.448
87.1654
90.4422
85.1286
112.444
116.028
112.296
92.1652
101.694
76.2454
111.922
89.9324
71.7686
90.8552
96.5058
68.8578
121.377
114.393
116.517
95.4626
94.6778
98.279
89.7062
98.3258
92.1494
97.7156
120.572
98.5094
109.889
96.7024
94.3456
114.767
83.4498
114.831
101.191
82.9094
87.0272
123.25
82.938
104.452
93.5094
102.919
102.808
91.006
85.5264
97.0778
109.559
130.471
116.942
95.7772
98.395
100.675
98.1148
89.4952
90.3068
123.665
80.2632
92.1836
111.186
84.0708
107.647
100.7
114.238
82.661
98.979
83.2306
127.755
94.0192
101.188
120.075
157.912
74.6514
124.473
93.7012
98.7858
79.0206
102.2
107.526
112.412
115.905
101.021
116.311
125.624
84.963
102.855
87.615
80.237
94.1878
90.8726
138.991
95.414
121.087
107.987
117.034
102.515
84.3682
112.178
78.2386
86.597
120.031
85.5764
119.893
86.9658
105.692
95.5126
92.9584
101.503
89.2912
90.921
85.7774
115.795
125.007
112.939
96.639
125.59
100.09
98.7094
64.8102
102.971
71.1732
101.496
110.016
111.129
103.05
87.476
102.576
158.86
71.5656
92.3908
91.502
108.298
130.546
109.651
122.089
101.185
93.7976
118.671
98.9964
105.945
97.1254
74.7632
88.6538
71.7962
107.611
93.4028
120.813
89.336
101.55
99.7872
63.7374
81.3202
93.7504
85.3696
85.509
110.726
132.989
105.76
98.1904
99.5434
80.0084
95.0964
64.7096
88.6048
102.696
92.071
97.6938
87.443
87.4286
122.165
77.1302
88.5832
103.831
103.704
123.912
94.4408
105.722
97.6048
82.9518
97.343
86.2984
79.4176
91.5928
84.8782
87.271
115.745
82.6958
114.778
86.5576
88.5114
101.818
104.97
98.3554
90.6762
99.9496
91.4634
94.0532
102.829
122.917
116.66
103.659
77.2844
101.279
85.191
93.2132
70.3344
83.6958
104.689
93.0358
75.9538
80.74
79.544
112.85
113.11
82.5012
100.723
95.6028
95.8606
108.793
90.9754
104.354
104.703
88.1016
101.019
105.726
92.9726
115.022
80.4716
93.0842
105.211
92.4024
96.5804
108.845
120.987
108.487
114.27
95.7032
84.0466
94.5148
111.948
99.0758
108.514
100.754
98.9078
90.982
99.938
76.8578
73.571
100.554
84.5982
120.168
115.438
89.8368
94.6216
146.299
89.214
134.718
87.834
95.085
98.7576
84.0458
100.078
91.3942
91.8944
93.1838
86.6706
91.5918
108.736
93.4346
94.1794
95.049
105.145
104.889
95.1688
96.287
115.825
96.5516
103.15
105.722
79.8234
101.894
108.157
77.8864
86.1446
96.3958
83.6614
94.7082
103.484
76.0004
89.0944
73.4432
60.9178
126.453
111.624
108.046
99.0328
101.781
102.807
126.643
114.526
106.494
78.1876
98.403
83.6704
90.1044
100.619
111.919
93.6208
113.204
111.43
96.8664
97.3622
91.702
113.172
84.077
104.571
88.209
110.539
90.4236
147.168
121.842
82.5092
87.8934
101.199
87.66
104.019
82.17
107.371
71.8106
109.527
95.2328
98.5802
99.5156
107.185
122.321
114.912
138.617
93.1568
98.1068
125.618
94.6522
86.3468
101.624
103.828
106.189
90.7982
98.4006
98.5934
143.107
113.683
120.817
92.4596
106.16
70.702
117.629
82.8454
69.8986
98.7304
127.596
102.54
106
78.7988
98.3994
103.952
76.5082
100.678
120.39
82.9142
94.3816
99.6492
98.3794
131.892
107.253
93.761
95.9876
98.1666
92.0336
97.4398
103.409
93.2002
71.034
92.5546
83.7696
141.095
103.5
95.0298
107.795
87.7984
105.472
74.5886
98.8892
116.43
129.537
85.811
94.9778
98.652
84.8268
90.31
114.095
94.087
102.834
71.4186
129.14
87.099
102.256
113.651
113.948
106.314
80.6406
107.329
98.519
92.6262
97.9376
102.829
121.784
76.2204
92.0716
99.0546
87.9304
96.838
100.33
87.5002
70.0722
108.325
85.0456
128.074
103.064
126.596
75.1704
101.607
106.071
110.956
71.4362
99.1876
89.575
113.853
84.4728
106.185
116.828
106.585
97.9186
93.7628
87.5782
72.6846
104.322
97.332
124.086
118.211
83.712
91.184
97.3196
103.783
96.991
88.5854
115.272
83.1506
127.898
84.053
103.162
109.842
106.453
79.5532
93.7404
77.4584
87.271
76.8946
102.11
102.74
135.942
112.42
90.5684
92.6274
81.203
98.518
95.706
129.428
86.7096
104.976
83.2438
79.1452
98.1032
131.493
69.8968
96.8736
89.7578
86.4702
106.487
120.989
107.615
120.055
112.685
110.499
101.45
100.44
78.3612
94.9804
94.1242
98.7476
108.545
112.466
87.7734
101.632
108.691
106.315
87.6952
90.735
114.057
68.7266
114.234
86.8462
107.082
102.475
133.275
64.9202
81.541
83.9304
106.673
80.5416
78.7638
99.411
101.509
109.829
79.7428
91.2264
90.9308
87.9332
85.0316
96.8196
80.3908
95.805
81.9712
103.724
135.387
86.1696
82.1934
121.426
118.359
88.173
82.1956
94.8658
103.378
95.423
110.285
85.6112
110.934
100.713
101.558
104.829
92.1558
94.784
87.9032
103.4
79.791
106.075
148.455
71.3206
77.1408
94.9716
105.916
93.2736
85.265
102.178
87.2658
108.744
94.4028
97.4882
131.257
99.287
102.348
80.703
111.92
112.973
113.639
97.8748
80.6178
94.2458
100.652
113.698
86.7194
97.8528
90.7656
77.5352
102.438
83.296
101.216
111.074
97.4148
97.7108
108.937
111.385
121.543
87.5946
103.695
93.2406
91.1882
93.9668
117.24
109.036
108.827
95.9346
114.385
99.8318
99.9068
110.189
108.794
88.9728
103.761
111.95
123.094
74.353
104.298
115.021
72.4484
82.122
96.3478
74.6442
112.498
107.249
109.262
90.3328
117.896
105.521
88.3728
81.5274
100.905
94.2328
102.583
97.9622
83.4912
130.188
69.7402
95.9228
138.229
90.9372
85.9444
101.666
87.0374
94.319
72.4986
98.9682
80.1644
111.896
105.555
71.5482
86.6202
88.0732
95.5794
108.145
155.232
87.8516
99.8322
97.9348
95.368
62.4138
99.856
72.735
103.566
95.8204
95.0676
102.103
104.377
80.766
139.716
89.4908
88.4922
103.757
108.555
86.9096
95.2994
108.002
93.53
91.7762
108.365
99.7016
83.045
100.537
112.939
80.8796
99.7058
76.1742
104.25
97.2564
103.113
152.346
117.978
117.396
86.269
114.384
93.0884
109.489
98.215
97.3326
90.3458
89.0736
86.9102
97.565
83.2384
86.4674
108.495
79.814
105.574
86.2208
113.35
117.065
133.602
97.1268
122.434
86.4126
116.405
102.876
71.6124
85.5904
93.127
100.016
93.2026
89.3718
107.717
105.486
84.7474
89.9136
102.115
101.544
98.0586
78.9018
104.562
152.752
88.9942
121.109
107.276
95.0786
108.362
85.1714
87.333
96.3278
89.8388
84.7162
89.0638
114.338
108.932
90.4042
96.3776
68.9258
90.6012
92.1422
95.162
102.855
88.913
114.886
124.519
94.034
96.6802
79.6218
106.837
92.1542
100.794
67.9616
111.376
99.22
131.633
111.346
105.25
86.4046
98.2396
99.1526
94.8684
94.6104
118.591
95.264
108.398
91.218
99.8998
100.544
82.4886
108.286
93.668
69.5494
82.5672
114.383
71.7884
105.139
116.498
124.303
71.4984
91.9442
111.829
94.4006
103.554
114.184
98.3738
116.828
93.445
125.225
88.5018
115.063
109.554
81.1298
119.469
71.067
75.888
106.385
115.737
106.142
121.37
83.2682
87.864
94.4948
88.5114
93.492
97.4774
99.7598
121.367
115.567
88.9608
83.7398
101.977
97.5432
82.0492
93.7258
97.6064
73.58
82.842
81.8332
113.978
120.557
112.851
97.0118
118.507
103.357
88.2978
119.806
90.7002
101.705
118.203
115.742
89.3032
101.785
73.1924
107.041
88.0142
94.356
75.2334
125.801
114.646
105.381
118.123
90.108
89.4974
114.925
95.2994
87.2036
97.0208
86.9574
118.506
88.003
120.283
95.5208
120.68
104.575
89.3326
93.9188
96.4472
78.5194
99.5212
73.9488
114.671
85.605
121.975
99.9482
82.724
104.643
84.6354
105.465
80.9108
111.296
99.9458
105.203
107.726
95.9308
100.246
96.7422
87.8378
96.4464
74.6958
115.432
125.308
95.874
85.375
78.0254
89.156
130.889
89.7892
91.0452
77.0652
94.8724
124.029
99.6276
97.5288
93.4234
80.9534
103.065
88.785
104.544
95.6206
61.4646
102.876
94.6874
103.162
88.5978
138.163
112.387
107.165
83.0094
77.5224
86.1352
87.1892
83.722
93.972
103.852
111.587
90.7846
104.795
87.8798
94.6282
110.264
84.6862
81.2356
90.9664
79.9992
111.867
125.283
75.3596
93.9184
92.141
123.006
116.872
99.6856
96.8702
91.3322
118.687
118.341
74.092
107.132
91.4098
89.6274
102.693
90.5598
81.8754
97.1566
89.4736
109.389
80.2128
104.591
129.32
124.47
89.2664
105.093
85.1524
126.639
108.432
94.8052
117.084
113.938
101.636
101.263
119.058
93.601
101.101
105.358
79.0786
116.138
99.2324
88.5944
83.6712
93.7188
131.034
101.577
82.6276
110.619
95.4806
85.5182
105.584
123.984
107.86
86.2194
102.44
93.369
131.807
100.15
104.013
81.6804
90.2364
95.917
81.3562
95.3226
109.347
95.972
103.254
105.469
83.8164
91.5032
91.5684
98.1988
122.928
103.344
107.25
85.087
91.582
74.661
97.4046
86.4464
103.349
93.2014
130.036
120.194
106.148
88.7644
152.346
93.7198
137.995
97.9388
94.5582
104.595
80.4654
101.799
93.3578
95.087
91.6108
87.3352
115.436
110.291
100.637
62.5834
102.19
96.347
98.0456
108.308
84.5254
113.862
80.6854
118.493
107.639
108.122
124.444
96.545
91.736
120.927
115.795
114.658
94.35
124.209
106.027
81.8764
83.578
74.2166
108.188
84.737
107.312
107.761
114.073
99.7238
144.158
114.739
119.684
76.2726
102.037
90.6276
88.0306
90.459
120.046
97.128
108.479
108.569
88.6758
79.1706
106.818
104.823
79.7074
97.623
81.6094
121.826
120.603
100.001
117.691
99.9334
81.3396
112.051
93.2424
83.3728
89.5962
82.4894
72.5864
117.409
85.7758
111.856
99.3884
88.058
100.845
89.903
117.762
95.9952
106.725
118.111
112.794
88.6688
110.402
91.1648
123.32
71.787
111.542
103.854
109.372
82.2546
112.726
84.2486
106.47
70.2084
102.502
118.845
83.7554
98.571
105.866
113.281
126.099
108.78
106.006
99.3838
105.122
88.954
93.293
88.847
91.4036
97.803
89.3746
109.5
81.7804
136.078
106.6
95.0758
101.524
101.55
98.9934
103.478
86.5102
102.614
90.3016
147.139
84.295
105.706
96.164
91.5532
99.9058
77.8206
105.763
97.4502
132.417
97.5762
89.769
108.52
81.0238
91.4888
93.9812
98.6712
112.657
78.7008
123.9
104.122
101.183
116.865
117.584
106.563
73.716
94.4846
102.208
83.195
113.306
84.2776
101.666
96.5632
96.9748
108.764
82.462
96.1744
91.0594
93.5716
86.7432
107.071
95.941
108.25
95.7354
105.881
96.1922
110.351
70.7174
108.875
70.4162
98.467
105.694
112.574
94.8534
92.4702
108.78
125.59
74.966
71.624
98.976
89.0778
103.613
121.844
124.423
97.1598
100.346
89.9076
114.767
103.423
99.514
83.8036
101.57
78.1946
106.945
86.6604
110.264
112.979
108.858
84.0076
91.635
73.7226
97.9886
67.7292
98.034
119.393
131.701
129.208
76.2616
105.548
82.1174
104.944
72.8062
90.6638
104.372
86.8502
84.1428
86.5626
98.9542
131.501
75.6636
95.3018
104.844
98.3044
114.362
104.269
109.092
95.8292
84.4576
110.12
87.1556
102.055
95.642
83.3904
78.2984
114.806
72.5174
112.352
81.2398
77.9916
114.929
117.522
88.3764
101.325
105.843
78.3648
95.932
88.5954
109.29
115.946
89.1028
78.9232
110.871
99.4644
75.3706
82.7272
75.3098
103.748
82.431
93.2004
80.001
85.3878
98.232
108
78.8064
120.808
82.355
80.8662
124.835
84.1462
109.1
94.3816
85.4288
120.393
102.748
90.4902
93.1808
94.3324
108.667
90.659
90.0638
89.0464
132.272
102.904
107.115
117.397
96.9546
91.005
98.9766
116.133
89.7166
82.356
111.342
78.3128
100.854
87.1354
94.784
98.5932
98.1046
93.0772
128.76
104.242
98.6066
91.6938
140.268
91.3328
110.109
99.2234
102.683
88.731
93.4502
99.3284
80.7034
114.39
78.9378
103.809
70.9136
110.468
95.8682
83.0042
88.7872
94.724
102.594
94.6258
92.7288
113.753
111.29
103.234
93.4418
83.511
99.0094
111.724
92.2746
91.963
122.646
81.957
86.7898
92.0462
102.681
82.6384
85.21
82.623
109.931
107.841
91.1852
94.7884
120.338
62.398
119.118
123.298
77.637
96.3182
91.9714
80.0656
108.338
105.572
106.922
95.5716
124.861
93.4716
78.1382
76.8098
109.717
96.5566
92.861
97.9418
74.226
115.155
92.5486
117.091
128.076
79.2844
95.2328
118.578
95.6922
91.965
81.378
104.976
94.3448
112.832
97.2556
68.94
85.077
94.9264
127.477
114.484
134.345
107.027
98.2502
96.2006
129.072
71.9996
111.26
79.1162
97.1982
111.083
89.6572
100.686
111.553
101.566
126.395
90.4216
101.798
86.9464
98.7364
70.6536
79.77
108.181
101.957
85.9134
116.302
95.0988
109.435
111.074
90.9796
83.7892
92.6156
88.6828
95.9702
107.979
86.5576
125.835
130.529
93.8274
82.199
83.0546
66.4638
105.212
92.4422
84.31
87.1418
125.682
84.741
121.353
115.571
94.0224
112.309
84.531
98.2262
83.17
103.94
101.788
114.666
97.2574
102.37
77.7508
106.801
89.8804
94.8458
85.7948
97.0134
108.599
131.273
95.6582
107.652
93.2182
101.191
79.1044
83.7806
85.6794
94.6094
83.781
74.6626
125.75
101.661
84.0222
97.061
113.02
96.6482
93.1324
94.4494
96.7068
87.0478
104.77
89.4886
134.348
102.262
110.826
63.4472
83.6372
118.415
93.7628
73.884
90.0316
78.1544
108.768
106.653
106.364
101.502
84.5044
103.49
104.236
82.9926
68.3412
101.382
98.4112
118.476
97.053
87.7602
88.041
117.857
89.169
94.4574
92.8992
102.246
94.8548
93.6668
100.558
107.287
95.784
88.8878
98.0554
104.003
86.177
72.3104
100.021
94.5172
139.292
127.041
135.094
91.2586
69.8796
82.4898
94.4632
87.6812
102.67
103.708
132.239
101.398
98.7008
89.4496
96.5708
90.676
107.158
101.825
89.1586
85.395
110.859
113.621
101.535
127.324
89.4426
88.5008
93.8612
83.279
93.9564
106.804
93.9864
121.596
95.9626
93.9648
98.7576
117.245
107.832
73.2916
110.01
106.188
88.4446
104.192
86.0536
122.545
121.854
105.803
87.5224
78.647
86.103
107.537
96.3592
88.051
103.39
114.015
115.02
75.9232
95.168
79.7044
106.002
102.128
93.1198
71.7438
124.72
104.1
87.5168
128.323
84.921
91.205
125.322
114.658
100.813
98.996
88.7992
125.861
79.908
102.854
93.114
140.145
111.909
88.1538
81.6384
83.1958
78.8604
103.186
94.347
101.432
92.6382
128.364
83.4688
85.6928
91.7274
78.182
104.278
82.2828
126.05
97.6614
107.126
87.5842
117.156
113.244
99.6152
87.594
92.6522
86.8978
120.078
125.186
97.4932
93.8014
99.5558
76.6932
125.219
78.0128
81.4382
89.351
93.2244
119.434
94.4224
116.861
103.577
80.339
104.746
111.318
107.07
106.649
83.3566
96.4312
118.638
107.335
86.5732
106.185
104.384
97.6024
104.42
111.356
89.0994
98.6402
98.091
85.3424
101.081
113.226
110.391
110.445
110.119
93.33
97.8764
88.3616
105.013
89.0278
77.7048
103.121
124.258
78.934
100.215
114.016
121.053
98.622
91.7078
91.2316
94.1112
112.18
115.532
81.5864
117.803
82.4268
98.9076
113.182
98.7152
88.5338
121.441
80.0932
99.277
90.618
107.039
115.924
118.406
102.119
82.739
86.2324
91.2958
82.245
102.138
131.066
104.979
123.7
91.4632
100.415
66.3678
113.293
66.277
90.1912
95.7318
78.6494
91.6588
102.405
100.518
117.623
98.4934
102.353
121.139
93.1052
84.118
103.209
113.638
98.8404
99.3716
104.082
100.047
101.21
97.6212
119.377
81.7728
108.134
104.155
90.722
110.074
106.368
109.712
88.293
119.061
101.879
101.741
89.3566
102.371
102.44
92.1906
87.9982
86.936
116.869
88.782
106.624
87.3506
112.954
69.9632
101.369
94.0028
121.854
91.7566
135.241
90.9688
125.057
104.632
95.9884
121.972
75.658
106.266
81.9796
96.1636
77.199
109.697
114.205
105.025
95.6156
103.493
104.358
117.941
83.9226
99.4844
68.9828
141.118
89.3124
110.528
99.9828
113.351
103.635
90.1548
88.3634
103.448
118.609
91.2262
95.1644
120.801
119.505
81.7648
95.1662
61.0242
101.065
84.8778
103.305
111.611
117.289
118.398
127.725
83.8146
123.511
74.8478
116.056
94.5444
94.7332
90.2906
118.907
111.097
119.272
93.4692
110.938
90.9572
96.8748
92.7522
93.258
90.996
88.6896
111.482
106.424
79.8592
96.8332
118.193
86.1548
97.8106
86.3464
84.5788
88.7306
98.5868
84.764
114.263
101.538
122.377
86.0976
79.4172
110.433
84.3754
120.455
95.883
101.269
138.661
115.057
101.42
95.5564
105.985
103.51
74.9648
122.985
77.5626
113.75
95.7652
110.795
103.664
100.506
80.1944
107.38
101.22
79.3992
88.905
118.209
100.868
102.121
117.845
90.6432
93.211
90.225
105.778
94.9658
84.034
92.1478
95.046
66.5956
101.983
91.3662
145.104
99.2924
84.007
103.008
114.781
97.5334
114.258
83.1932
100.875
93.7728
102.106
98.33
102.544
84.7326
93.3924
97.2188
77.1918
78.2502
96.3282
117.82
112.115
96.282
101.393
81.6008
96.4454
99.046
93.5788
108.374
82.6118
103.733
115.12
89.0208
103.514
122.6
109.52
86.8886
97.5068
111.776
77.7338
122.44
80.6872
99.7126
112.913
108.783
103.996
88.219
105.913
93.4012
110.775
92.4948
134.922
104.526
113.502
92.9902
120.312
81.8976
93.5488
74.0564
98.213
78.9736
116.517
113.252
101.046
92.1362
96.7206
76.7374
112.392
92.9148
81.2784
93.997
89.783
91.5518
109.316
90.0776
105.061
90.3388
93.2524
110.471
119.804
85.2548
74.357
110.091
96.2586
96.6048
86.8662
122.204
118.881
96.2122
94.4936
88.2322
92.849
85.5646
98.1656
100.978
106.555
110.505
106.036
81.6066
89.943
97.2722
128.982
80.0436
86.0054
87.5446
72.5484
108.56
124.864
66.1806
96.5966
89.4996
112.433
101.472
77.9646
91.16
95.0586
132.215
102.414
93.7292
106.727
92.5184
93.6416
111.677
99.8108
81.464
99.533
111.003
107.633
83.3344
80.0788
126.728
115.201
87.915
99.7588
106.97
99.8854
113.378
84.6678
99.0992
103.769
100.594
81.9982
135.378
90.6454
84.1488
95.2314
85.9774
111.571
110.318
88.9078
84.081
102.768
107.999
104.691
84.0766
94.752
94.902
83.2304
122.916
109.287
95.0968
78.936
87.8334
110.514
130.858
101.524
106.816
92.3878
108.364
75.8006
81.1786
85.1806
132.747
94.091
99.8152
108.305
92.2562
80.4706
87.2304
114.545
100.082
99.921
92.155
93.878
92.231
68.251
101.929
117.926
91.1632
106.443
121.443
114.002
136.534
93.256
134.836
97.9158
119.837
98.2596
103.117
86.3526
102
81.704
85.8106
112.278
87.1872
116.175
92.8834
102.832
74.1676
71.6664
99.2632
99.7138
98.9028
113.015
87.5964
119.211
104.48
119.728
99.1346
93.1156
117.41
105.23
99.806
102.763
103.981
97.4444
103.846
92.3392
148.6
79.3286
93.0324
74.7684
103.272
98.4736
97.0354
115.909
101.097
77.5866
112.384
97.9262
87.1838
89.7076
84.7508
74.8416
91.0058
113.727
91.063
108.635
115.872
97.8484
88.365
84.4608
123.014
89.6078
83.8158
105.478
72.291
134.207
83.775
96.6182
139.107
110.848
88.5174
109.415
86.9172
83.1188
75.0958
76.4842
101.06
109.759
87.8262
77.1662
93.546
107.228
99.995
97.297
117.892
97.2588
102.196
105.005
121.124
77.0382
104.84
73.82
92.8766
90.068
99.2876
99.031
104.909
102.548
102.665
104.606
107.035
75.5358
84.2044
84.9228
86.357
114.735
125.29
100.941
120.705
92.4546
124.079
103.208
96.2372
80.5594
87.152
114.331
83.3398
113.022
87.0344
98.9528
101.105
116.992
95.5092
91.0164
70.1738
107.503
108.78
84.132
91.3004
121.679
94.0102
110.953
89.6068
98.9704
108.154
81.1582
99.3836
102.787
106.217
95.0836
124.151
98.3894
96.4928
77.082
103.123
92.7768
102.505
77.6074
97.4188
110.175
111.538
106.287
110.034
107.235
98.1514
85.2318
91.7178
77.4604
96.3924
84.5106
99.6656
112.761
92.523
98.2126
80.2926
134.619
87.5082
89.7432
91.5666
98.5822
87.9558
103.415
93.9942
110.474
94.517
99.48
81.7572
90.475
85.1928
86.9178
85.1832
95.0696
88.5772
122.842
96.8356
109.866
119.719
96.437
95.6248
92.0486
102.6
76.1172
106.008
106.935
121.753
80.7778
128.827
89.245
116.618
96.802
81.2922
99.2692
119.684
78.8268
88.6634
91.1696
110.918
119.379
115.039
91.8804
96.4662
73.5504
95.556
99.8534
95.1794
119.52
143.313
120.722
80.6932
85.3638
77.1308
109.359
78.8598
96.7902
84.325
111.646
82.7268
94.6068
122.44
128.029
93.6542
106.489
123.833
83.4062
90.5034
90.843
110.865
84.0324
94.7488
96.334
74.6792
103.025
81.473
75.6936
78.2238
103.238
101.802
83.6488
109.419
69.0762
108.444
99.2226
82.665
94.2504
98.1322
76.3938
91.9922
110.1
104.128
121.67
92.1094
79.4362
90.8982
94.5122
82.8836
99.7994
89.644
115.865
79.9292
82.4148
78.1028
104.613
100.044
101.698
93.6704
103.382
93.2976
96.6654
125.265
79.2322
107.136
95.6382
84.0614
107.103
85.1404
86.833
102.752
87.0156
114.04
86.8394
93.3246
80.1718
139.471
112.285
84.3844
114.015
93.2854
85.0534
92.9262
95.6716
99.0006
84.8022
108.728
101.37
88.118
84.3082
78.7694
99.0796
85.0526
115.22
111.089
113.482
103.123
115.457
116.657
118.026
102.523
122.346
86.1066
94.1702
94.2914
103.612
83.7582
123.038
60.3806
94.6222
74.5828
97.6726
94.9488
94.9566
100.034
106.033
114.415
95.5498
87.04
116.533
118.866
98.5498
94.5228
92.3666
77.2386
109.782
79.6744
92.9012
115.437
89.3722
98.1098
93.6408
87.916
89.8954
80.8652
89.997
93.9524
89.7976
99.4894
91.9262
123.713
81.3828
99.8046
118.929
91.7522
106.599
86.0418
81.9266
108.291
107.292
89.0972
109.642
121.708
112.087
83.9592
90.5674
101.468
83.5138
103.558
124.401
86.9286
118.545
124.825
107.255
96.8692
88.078
89.5612
117.242
96.7076
89.407
100.353
96.0178
109.11
101.729
115.168
80.906
81.5496
108.661
115.36
102.784
106.649
113.186
106.159
69.4394
117.03
83.461
121.796
79.5654
85.675
110.369
72.8892
105.758
108.065
108.225
117.858
99.8872
98.4424
112.814
74.9806
69.9962
79.8326
127.551
106.337
110.538
104.6
94.89
98.71
95.1206
92.1874
87.7402
107.251
94.3174
97.4426
103.348
90.3306
105.128
104.201
120.116
79.49
90.7166
87.8434
93.5692
98.4546
95.5992
88.8482
118.837
118.506
103.019
127.46
82.9618
134.311
85.9298
110.698
89.94
103.969
96.9658
115.226
109.877
116.144
83.5078
105.28
104.73
95.8932
84.9406
73.4058
135.217
108.871
94.1594
119.312
98.6914
109.841
88.8704
91.4926
85.4122
81.0962
114.967
71.5432
126.321
102.682
76.8736
110.326
112.884
104.927
85.5358
91.9766
87.0922
96.792
98.6992
112.576
135.854
123.457
91.5246
77.4744
68.3262
130.331
87.1672
101.554
89.9214
112.659
79.0612
110.977
93.4026
106.802
83.7418
105.814
90.1992
82.5524
87.5992
109.891
115.184
95.716
87.3914
84.789
76.6766
89.129
93.9794
93.3202
100.693
83.8096
118.163
77.4548
92.9682
94.538
122.59
77.6556
112.277
84.915
99.6802
74.8316
81.623
90.8964
146.917
83.4084
125.272
107.972
64.511
97.1932
75.623
106.684
92.035
93.838
135.915
110.084
120.096
99.1052
84.7848
84.1228
82.5652
123.551
102.918
120.857
95.906
111.242
116.201
114.481
85.9312
107.413
105.634
75.0244
91.0876
126.661
103.67
119.295
88.8414
88.9526
99.361
108.774
110.388
94.5858
108.745
81.78
97.1732
98.088
97.3292
87.9152
125.631
99.6244
103.051
79.0096
107.805
108.117
92.0712
75.568
94.9978
100.032
100.172
77.1314
117.537
70.9336
78.3832
93.8458
81.7162
89.5462
100.921
86.627
112.265
109.141
99.1562
76.3
100.321
104.286
115.305
100.001
74.291
119.82
106.858
98.742
95.2242
135.626
107.213
80.0644
77.4124
105.407
83.745
122.511
89.6876
114.006
126.035
88.4094
94.6144
81.1908
81.4816
85.9822
112.116
94.718
122.035
108.642
90.1288
78.7912
121.538
97.103
98.2306
77.2974
73.8658
101.242
106.31
97.9828
99.8904
97.8588
123.879
67.6888
118.262
71.5364
81.8984
105.95
102.697
106.718
112.236
109.231
106.032
84.8056
91.1592
125.794
114.363
111.569
78.2544
86.8982
104.046
102.125
88.9972
105.377
126.058
91.5004
86.8192
98.3676
83.6978
94.6068
116.218
91.6266
101.803
123.257
92.5902
95.8422
129.28
86.3728
116.136
92.1484
104.943
89.4508
86.9224
96.1564
115.09
84.8814
91.1876
120.232
119.266
86.8846
75.0404
94.6222
87.4792
112.283
84.9436
66.389
116.073
112.135
110.651
136.097
110.002
79.8706
108.937
93.5648
105.715
95.3
79.1648
118.692
109.621
97.1034
90.4724
110.369
95.001
83.0718
132.432
106.828
105.872
128.288
81.9658
113.229
110.217
101.722
74.3072
90.918
111.755
96.2368
109.702
94.2278
107.858
111.42
106.746
106.574
107.358
73.5406
83.0928
105.324
95.173
100.27
104.559
90.5418
97.5108
94.5228
108.798
97.6958
85.729
114.892
87.2934
83.1982
95.9272
109.626
101.016
80.1182
104.625
123.184
100.875
101.645
129.599
102.361
86.0886
100.384
90.3456
119.302
81.0054
106.163
109.461
99.078
102.203
87.8408
78.8662
136.496
89.3968
106.944
109.885
109.724
115.16
83.8806
89.0544
86.0268
94.6392
77.673
112.857
74.028
146.21
97.871
94.946
82.5958
113.958
104.834
114.124
91.9104
118.579
76.858
103.315
108.45
105.545
105.12
94.344
100.084
115.466
91.8012
94.5456
107.197
106.879
89.166
94.7798
130.12
91.9512
91.5184
75.4474
99.6616
78.2568
108.374
112.141
127.557
83.1528
116.124
76.8408
116.604
68.2922
98.1312
96.724
88.0318
117.327
113.852
95.321
122.096
94.947
99.416
87.635
119.217
87.3982
104.116
118.167
87.0308
116.193
86.9754
96.456
135.881
116.988
93.7424
78.257
76.2932
86.4302
73.77
103.386
82.8316
121.044
92.5412
83.632
104.527
85.0828
110.399
84.4748
131.571
99.5884
103.812
99.371
121.194
91.0948
106.775
73.4638
92.253
94.8424
96.055
69.218
94.903
96.4168
120.406
96.6752
112.216
92.9628
83.4768
79.9394
100.244
101.984
111.381
100.616
108.805
89.5304
107.774
101.736
85.4258
120.268
91.65
96.1662
76.042
118.409
67.365
120.524
101.901
121.085
78.7498
74.3826
93.5744
99.9202
88.2124
105.519
82.7602
115.012
88.355
86.7598
104.251
96.3322
99.3318
91.2928
100.509
79.9296
93.7304
96.1752
122.884
89.5214
97.5738
83.224
106.287
100.195
97.7796
88.2982
108.235
102.481
104.291
108.661
91.6276
88.664
105.807
94.2574
98.5876
96.331
90.925
74.6056
108.488
106.795
97.1184
118.278
115.292
104.784
103.236
80.097
80.2422
94.4496
85.5204
126.889
98.9182
107.825
89.2394
120.466
84.2258
104.196
82.4638
73.5684
101.522
96.5372
85.4452
77.3822
89.7252
100.026
106.612
98.5556
97.2068
78.1076
106.405
78.688
95.6454
108.208
93.6486
94.483
105.357
97.2902
118.133
116.683
68.0578
77.7628
126.76
90.3632
86.8996
113.108
113.265
126.937
90.392
77.8788
104.793
84.6512
93.4872
118.462
91.5086
106.951
115.302
110.045
72.4506
92.2812
92.3544
102.745
92.1968
92.5316
78.96
100.346
120.498
111.746
86.4794
111.559
105.849
117.851
101.474
92.232
78.1044
98.0234
130.181
80.8244
108.778
80.539
90.6324
105.859
95.9456
96.3554
69.3284
79.6356
99.2896
76.5356
123.45
81.6064
127.177
97.9406
89.598
101.259
102.83
91.9724
88.5532
113.724
95.3388
112.502
93.3056
82.4036
102.844
102.206
104.101
98.3454
100.546
112.829
101.204
89.3088
105.148
127.247
96.5836
97.057
68.4508
88.1844
101.001
100.511
129.835
101.693
106.6
97.0436
72.4584
122.334
109.025
94.6252
120.312
111.944
92.1924
78.1
77.8142
87.1128
132.965
108.633
93.4022
127.076
103.025
95.458
88.8884
114.305
95.42
78.3636
109.173
101.153
98.9
66.7578
94.2842
123.767
98.5726
106.469
101.701
89.9512
116.606
123.377
108.635
105.098
100.524
121.837
98.3888
88.4748
112.219
81.1962
85.5056
123.605
76.5692
90.3246
98.044
113.231
66.8326
99.023
84.6358
105.104
106.642
96.4824
94.7884
116.576
116.774
95.16
115.77
104.024
78.7176
92.7826
101.869
104.78
115.001
91.8988
141.81
83.785
122.93
82.0496
87.7444
81.8758
78.4554
97.6496
89.031
110.274
112.813
105.491
99.7566
103.059
79.016
98.2056
81.0166
83.3744
87.1794
110.96
103.309
103.712
117.058
101.06
83.9618
102.113
116.16
88.0714
80.5172
121.493
98.0864
127.595
103.019
82.0764
99.1832
94.3828
95.4974
90.8282
83.1878
75.62
86.8036
60.9776
104.545
108.265
100.963
85.3508
85.6778
99.0774
98.994
79.4248
115.081
102.082
94.3684
83.635
99.2424
75.0996
104.59
97.4892
92.5208
93.6626
103.148
97.207
91.0034
127.412
100.495
101.326
108.182
96.1576
92.3636
92.2284
84.3726
115.765
121.619
116.588
118.166
93.9196
89.722
80.6854
104.316
92.5406
86.1272
105.079
91.8768
109.014
91.705
109.342
120.579
125.721
94.4368
80.7638
92.3516
98.0776
98.8642
91.1394
99.2646
108.064
132.635
77.5744
116.291
76.911
115.564
74.744
117.892
88.6476
98.4404
96.0084
118.517
101.931
126.941
77.8602
96.1068
95.6566
89.7498
82.6516
89.8892
125.904
107.345
110.257
105.876
111.393
96.5886
89.4742
101.164
76.5134
67.4908
107.891
102.398
101.756
82.4912
100.053
81.214
102.284
98.9052
80.0804
94.8694
84.966
111.009
107.335
99.7186
114.16
123.406
107.299
88.4362
82.4518
85.0244
87.2752
93.9666
104.603
110.771
87.1584
94.419
112.659
130.338
82.2464
101.731
89.1496
99.9006
100.849
108.394
114.046
119.391
78.932
117.811
93.3744
92.1028
103.138
76.5522
85.0618
82.5902
97.722
82.8176
113.019
104.244
127.713
102.879
90.4246
70.3338
84.4238
97.3862
90.1466
108.048
113.108
108.59
113.633
96.8118
81.7066
85.389
69.3776
83.5108
113.301
90.4496
111.849
78.3962
103.305
115.072
111.276
82.5916
97.4224
117.728
102.694
87.5774
94.6064
108.928
96.3504
97.4116
79.9792
91.9398
120.798
71.361
78.3584
107.572
81.1264
110.595
78.9136
98.7376
89.6736
101.915
109.012
102.004
93.484
99.0006
100.505
102.433
119.457
99.258
99.847
83.139
91.9222
85.785
81.0878
92.889
94.0362
90.2356
110.268
67.9392
84.1636
80.0554
124.995
109.261
85.686
84.6436
90.7694
95.7628
99.6842
96.889
112.788
103.798
99.8568
84.986
102.808
91.8226
111.931
90.6294
92.6852
89.5132
82.8152
115.1
88.152
124.105
103.698
79.7354
87.824
99.9792
87.0688
106.691
104.303
86.7064
101.286
104.522
105.987
78.5136
93.8368
69.2826
107.033
83.0288
111.978
110.257
103.202
92.8532
121.298
91.5768
105.058
83.0018
97.0668
90.3336
82.029
106.776
100.617
86.3468
114.165
69.5698
101.841
93.2654
96.8698
114.749
99.4186
96.1936
114.922
97.485
103.765
103.616
81.4856
119.164
112.253
85.616
107.54
80.4076
108.73
77.6846
93.6934
103.68
99.21
101.623
78.7306
95.394
97.0812
77.1764
114.023
106.697
102.631
101.015
87.9306
108.193
99.0574
112.499
131.729
80.6586
105.439
77.5996
90.0552
105.637
99.5582
104.854
103.811
115.122
115.262
90.6502
83.6258
106.9
73.9906
119.819
84.157
84.3726
112.973
128.799
107.372
98.7986
82.226
89.867
107.258
90.7288
98.5142
106.141
69.9138
124.327
103.996
99.5186
82.7596
117.726
103.727
118.786
129.026
93.2202
106.919
124.93
89.8002
100.595
102.721
100.024
97.7812
84.2222
112.945
85.6278
121.872
103.789
115.16
105.508
109.234
81.1898
102.209
76.1766
74.4598
91.72
106.763
103.44
133.848
88.4768
102.505
102.005
82.4558
77.4018
98.8578
82.8446
108.906
92.1078
80.6158
110.274
94.5646
82.3512
94.2212
101.207
88.7994
97.9502
90.0004
113.166
86.9572
94.7118
110.933
138.677
83.0682
110.869
112.432
88.4214
99.3808
89.3408
78.2426
116.662
106.029
103.029
116.917
122.553
93.0666
110.67
102.449
95.3266
92.4038
69.366
148.681
100.428
109.04
106.138
120.609
100.749
95.291
95.5614
82.2392
80.0334
100.683
87.6292
113.505
87.2368
92.5096
115.06
95.8308
103.425
101.969
87.922
72.4662
110.832
116.033
110.592
103.7
142.939
85.3476
83.5888
69.8942
118.374
68.8346
104.751
88.432
123.844
63.8006
101.958
92.4282
118.472
95.1672
83.766
78.6786
84.4024
114.219
100.175
120.282
114.934
98.385
100.049
79.4952
104.14
92.9576
89.9704
94.6526
83.6476
129.028
85.8392
104.724
104.891
98.7696
80.2288
84.7946
82.837
94.036
69.2464
88.1428
80.945
139.284
89.556
102.136
102.321
89.5258
99.4342
69.3744
114.341
79.855
105.542
93.0814
102.349
94.2244
121.762
66.8236
86.6882
81.5098
106.897
113.357
108.415
122.234
120.618
111.222
130.385
87.5224
91.9372
70.4726
103.971
101.262
93.2768
98.4344
119.52
87.9664
105.445
97.0686
112.853
96.2338
85.6808
111.128
72.0328
108.132
76.3578
107.385
81.2192
132.593
77.685
80.0436
82.5888
120.382
81.4448
78.504
97.721
100.863
90.9564
77.4098
87.479
110.366
88.5288
79.2732
114.758
87.4654
103.685
80.8806
93.4708
113.286
89.502
85.9652
105.439
100.798
108.49
99.7736
91.9898
95.5966
123.292
104.89
89.7502
97.6594
103.733
110.436
95.2884
82.2798
90.0856
70.4198
111.221
89.5912
119.687
119.569
79.5
89.0376
86.5178
83.3082
85.0626
105.67
100.703
109.915
115.329
97.6938
95.2642
128.529
103.238
118.184
68.5536
86.3996
111.351
105.844
84.4754
75.0348
101.698
95.7404
86.8208
102.241
79.7246
87.258
88.0024
102.475
89.63
113.151
107.513
101.008
108.214
104.366
122.263
117.059
91.8244
93.0922
97.1168
78.3112
86.1426
106.157
111.767
125.991
94.771
96.2594
88.848
81.9272
99.8738
116.379
87.0602
99.1822
119.027
112.006
83.0774
107.946
96.8822
84.0542
79.775
91.895
90.072
96.7202
103.87
110.98
93.4804
108.455
117.161
118.386
93.4084
98.9328
91.6252
105.61
90.0894
76.6688
106.992
63.3566
119.098
120.813
109.196
88.2546
101.091
84.8868
102.395
87.499
108.497
66.9576
111.075
104.008
88.8272
94.3826
77.5884
89.0018
95.4726
145.737
78.8198
99.0324
103.618
89.127
81.2824
112.686
91.8306
106.552
99.6644
107.35
99.694
107.264
85.5384
116.257
96.3306
84.8792
81.5892
109.57
90.0818
91.071
103.732
84.5484
113.049
102.814
86.0392
79.8054
95.3114
118.509
105.132
109.351
85.798
85.2642
86.425
111.654
163.892
106.558
112.52
94.0978
116.674
104.166
94.5118
115.688
95.943
80.4452
99.9348
94.6072
125.737
80.5172
87.977
111.48
80.4978
100.975
81.2702
99.5956
119.377
136.798
92.1452
110.105
92.9412
117.255
77.441
82.1224
108.185
96.0826
76.7378
108.959
93.0154
108.941
123.668
108.834
85.0152
105.781
90.6062
115.972
90.9896
121.028
101.886
104.58
109.191
87.5358
89.5818
94.5992
86.4394
90.9276
85.3172
92.8932
94.9864
90.6372
102.272
101.301
119.107
92.1064
75.9126
87.1694
106.413
70.476
104.736
100.572
130.228
106.135
108.447
90.4842
94.7922
85.179
85.7058
109.783
76.6812
121.251
111.953
131.717
134.329
90.027
93.9956
98.1624
103.777
83.7356
102.12
141.469
98.4948
110.345
91.3508
98.9068
115.44
111.1
97.159
84.7258
74.7474
85.7656
92.4068
81.3512
80.6708
131.727
121.283
68.412
92.335
93.1656
105.038
67.0896
122.301
94.5232
101.377
79.1582
105.35
82.3054
122.201
108.854
81.8134
90.7714
91.6636
86.4618
88.6832
101.486
128.591
109.159
92.8922
97.3142
74.8698
86.0054
85.5928
101.943
113.177
109.497
119.935
81.5448
93.2392
115.007
93.0026
107.203
100.411
97.4572
72.1586
107.213
63.6362
121.172
106.441
137.777
87.7972
113.014
91.8488
83.0306
100.307
97.555
96.398
106.385
110.714
85.6462
92.7144
70.7676
98.7978
90.1356
97.5026
69.4738
92.405
94.697
132.607
118.306
104.308
77.2452
114.334
106.192
83.1006
100.018
93.2196
111.181
96.2724
119.302
95.6978
89.7802
104.386
93.3484
104.075
93.9438
82.7566
87.9898
97.0452
99.5808
90.6592
126.076
96.5816
85.6242
95.53
90.5096
79.1066
76.4046
110.789
99.7564
102.504
123.735
86.4364
126.041
100.179
99.177
74.6418
82.7168
110.911
115.633
97.8952
84.552
84.7432
103.845
117.974
91.1642
110.748
81.678
101.712
103.169
94.815
101.063
98.674
85.4954
105.043
96.2182
94.6664
109.134
78.679
85.588
90.9524
115.079
90.3384
142.586
113.606
115.001
87.2614
77.0576
112.633
83.9142
93.3584
111.529
94.5486
114.661
103.383
110.928
87.7132
97.3156
106.371
82.5712
75.909
97.9982
70.902
99.0326
120.164
88.928
91.2008
118.253
108.28
112.05
92.1708
89.0274
84.5568
109.265
124.275
87.554
114.664
87.845
95.0904
117.487
91.3112
79.6432
83.7382
88.372
105.216
82.4086
92.018
111.048
116.202
114.624
101.931
98.205
106.149
99.3838
90.564
120.008
91.307
97.1334
82.028
112.417
82.9762
84.8948
114.07
96.6292
84.6696
109.787
82.012
98.7152
103.38
153.929
110.769
86.8348
85.161
101.724
92.0992
106.606
111.775
119.359
93.108
102.618
92.3122
139.558
107.481
103.027
91.8102
108.83
83.3276
89.9698
94.571
102.608
107.948
110.924
84.3692
94.4006
114.662
91.8722
99.6144
117.389
96.748
93.7366
88.796
91.6426
77.1906
86.649
89.746
127.283
105.948
126.807
94.918
99.2546
100.889
150.007
110.912
116.539
83.7886
96.7904
119.848
70.365
101.772
88.7552
91.0954
102.846
59.8088
113.631
91.8164
89.672
64.6718
95.8116
90.3846
116.872
86.5704
102.689
120.132
81.5604
129.898
100.61
111.894
114.245
83.803
101.461
103.822
103.156
114.082
89.715
131.144
89.5216
97.534
92.6686
89.027
99.492
80.1976
105.488
97.656
100.338
111.682
114.572
104.46
115.024
76.979
102.9
82.9102
83.2612
87.9566
120.551
101.483
111.031
114.908
108.407
79.882
92.8532
105.281
92.532
96.849
89.5232
115.854
120.848
103.871
100.93
95.3644
71.9046
114.533
95.7178
75.051
94.5968
86.7978
72.729
134.221
108.73
105.242
90.6858
92.8372
93.1828
91.4452
99.7958
95.2054
101.847
119.547
105.688
113.054
100.758
91.0486
120.572
81.7806
115.01
102.212
90.5528
81.8308
122.646
81.6024
108.793
89.1258
101.926
98.8222
96.6088
93.328
97.8062
113.822
127.507
108.474
96.239
96.7134
98.7748
105.223
86.688
89.8122
125.537
81.674
94.711
98.0006
85.443
111.948
92.6884
106.505
84.5128
97.016
79.4152
119.023
92.5968
106.917
117.092
156.014
77.547
116.463
94.7828
98.2428
76.3492
98.5314
92.6386
103.72
115.808
96.4076
115.797
126.054
86.733
112.229
88.0322
87.7462
100.344
87.9172
138.469
99.1196
128.724
106.471
115.15
104.359
78.9272
110.024
78.296
91.6774
126.18
82.1946
108.152
91.2486
106.894
99.7242
92.7208
100.448
92.9782
88.1978
78.6684
110.29
123.781
114.039
96.6922
136.067
95.113
88.9386
63.3614
103.407
67.865
95.8522
99.0054
115.434
98.386
79.8438
98.1994
154.427
76.2414
91.2852
96.2072
105.819
128.784
108.436
136.104
95.0002
102.717
118.198
97.3096
107.632
98.7052
77.2182
88.1202
77.2998
113.117
93.835
122.8
86.096
102.26
103.493
69.0522
86.6516
94.4332
78.5548
80.8362
113.322
132.094
104.901
90.3178
101.142
82.8234
101.157
71.294
87.9566
110.319
98.4194
93.656
83.4954
87.6266
120.11
78.6594
95.5336
96.6658
96.605
118.74
98.6762
112.124
107.189
82.5246
113.486
95.75
80.53
91.2788
84.6872
83.4816
110.192
75.4518
114.141
79.822
82.023
97.1234
106.673
89.07
92.8834
92.015
86.7678
93.593
98.0378
124.304
108.555
103.435
78.2834
99.1544
87.4024
86.9446
72.8942
81.0268
103.672
90.2948
83.4074
85.2746
84.9438
110.795
110.254
84.985
101.932
88.8696
102.189
111.613
92.185
105.456
105.488
90.0468
93.4332
106.873
97.626
108.014
84.5594
101.733
102.363
83.2324
99.9914
108.52
111.054
108.307
115.752
90.9134
86.9556
100.086
115.496
98.9754
99.3288
96.975
105.071
97.5908
99.6278
79.6138
78.2352
100.531
79.5742
119.15
108.167
84.9346
95.9368
136.826
90.9684
132.388
91.7068
104.263
94.298
80.89
99.2976
83.4426
96.535
84.7532
90.4968
95.535
106.926
98.8488
91.8872
100.431
105.416
106.685
97.1362
96.8092
121.49
94.9922
103.017
104.254
77.5804
108.682
102.79
80.2202
83.5612
96.2256
83.4428
95.8674
99.9532
85.2874
82.3982
71.1174
63.417
128.431
109.335
103.583
100.151
99.2728
90.7344
122.806
108.757
102.636
78.378
98.3714
83.2524
87.4228
104.693
96.8406
103.784
113.88
106.676
99.6428
85.6622
85.7862
113.8
87.0698
104.228
76.1776
111.347
83.4
151.177
120.478
78.1636
87.272
101.168
88.569
100.59
81.665
102.078
78.928
107.678
103.311
94.9082
99.3488
97.1416
121.782
119.205
132.34
88.032
103.226
116.43
109.071
77.4598
108.685
98.8902
109.122
92.3834
100.133
106.741
136.586
104.211
109.726
96.3732
102.185
65.133
119.954
77.2908
73.5954
100.259
127.079
101.215
113.891
80.6766
95.5034
98.4204
74.3284
98.251
118.504
78.8116
87.2554
96.5256
97.4618
145.033
114.426
101.451
93.342
105.294
79.9678
95.7498
100.018
101.641
70.0408
95.1768
89.2636
148.203
108.745
101.207
106.337
89.811
99.61
73.679
101.319
112.592
131.383
89.2848
96.7104
92.986
94.0872
84.4692
102.289
102.696
104.906
77.7464
138.769
88.8244
98.0344
108.789
115.138
99.375
86.4302
103.525
99.4084
98.64
95.5616
103.148
122.322
71.772
86.7066
99.2134
91.9988
94.1962
95.4034
95.3736
62.8816
112.672
79.9802
126.782
103.383
137.274
70.1702
92.3604
107.039
113.506
71.6012
100.956
92.7484
109.757
81.4354
113.251
113.794
99.4928
102.797
94.2986
85.6908
68.3884
107.631
89.1452
121.248
127.831
80.011
92.4056
108.555
97.822
95.3048
82.2834
122.886
88.4242
108.012
84.6364
107.141
103.311
102.02
83.1322
96.4044
81.681
78.3164
82.879
104.697
101.215
128.671
118.665
85.954
89.3754
78.9094
103.066
97.7716
133.109
77.8912
105.12
75.1596
87.7616
94.4256
134.878
77.754
96.23
86.5064
90.0692
107.869
114.386
109.162
124.123
107.757
110.326
102.452
101.4
75.89
96.9432
100.077
96.4674
106.816
107.129
86.056
103.864
115.101
103.123
78.1568
91.8364
110.555
73.5996
106.345
89.8104
104.741
101.054
141.425
68.4112
86.2808
78.8144
111.65
90.0468
82.6128
95.801
101.473
109.226
77.153
92.485
91.8952
93.1206
92.5304
93.3526
74.6948
105.403
88.8872
102.887
135.739
87.7276
79.5918
115.654
122.655
95.1852
88.283
95.9488
109.421
98.7062
113.694
88.556
116.875
104.927
105.046
99.906
89.6982
91.8784
81.5102
97.8662
78.5548
107.443
144.016
71.9518
82.1508
101.327
101.777
97.1342
77.4498
101.303
90.4762
98.409
99.1892
103.614
129.488
107.816
104.255
77.664
104.268
109.485
116.96
91.3772
83.3658
94.4456
102.352
118.594
90.0566
92.4874
85.5968
79.6952
102.286
89.6602
108.431
106.907
93.4508
91.3726
110.344
113.008
117.875
93.4128
101.326
93.3508
87.9478
95.8504
123.592
112.291
112.374
93.5038
112.047
94.2132
96.3392
112.076
108.127
85.5264
105.613
111.677
127.463
83.8466
103.944
113.822
66.7692
85.3316
101.158
75.2436
113.742
112.764
105.136
96.7944
116.608
112.885
88.5398
86.632
92.5748
94.6614
111.441
98.4862
87.3034
129.647
75.1598
96.7668
137.761
89.4474
88.3886
99.893
85.582
96.4474
77.8932
93.9466
83.8388
110.468
115.975
78.4454
89.45
89.6722
91.2278
112.561
158.369
79.8308
103.191
98.1558
101.722
62.1008
106.744
69.834
92.7676
97.1478
91.9566
95.8234
99.9002
74.5324
142.782
89.634
91.7044
104.307
107.343
85.7434
98.0878
106.386
104.946
83.3072
113.284
103.855
81.1184
95.5174
115.222
80.3878
102.237
77.5358
98.0928
103.684
111.087
136.478
110.902
121.579
85.3216
109.347
93.6916
112.226
98.7292
93.0018
91.2298
89.7386
89.0316
94.743
90.5
88.9992
112.94
82.7548
112.745
84.3488
109.966
107.104
140.278
101.304
126.109
91.6962
115.122
118.637
71.0846
90.9124
101.808
94.5468
90.9296
93.0372
107.709
105.027
84.5318
93.9412
101.474
105.168
104.362
82.3564
102.769
150.577
88.2056
120.974
114.128
91.6242
102.202
84.1556
91.4398
98.6588
89.6518
91.8318
86.8896
113.648
114.113
88.7228
94.104
70.5246
97.2556
95.081
98.9302
105.906
98.9012
113.813
117.849
97.8832
101.324
75.8552
108.416
86.7632
105.475
63.3128
108.62
103.699
126.869
114.529
107.205
88.6958
97.0098
97.2992
97.9732
95.1726
111.975
99.7854
112.384
78.8544
105.322
104.953
81.8324
104.769
97.7442
70.785
87.9372
105.731
74.6012
114.411
110.818
115.788
68.3358
81.6912
109.852
93.5038
104.742
105.758
91.6482
113.031
92.4534
116.582
92.3542
111.1
107.409
83.1808
127.007
77.11
82.3
101.073
109.162
107.284
124.52
79.9212
99.0914
86.9528
87.9122
97.9938
101.264
105.914
119.368
111.942
89.3888
83.6292
102.166
105.913
76.2942
102.037
104.519
74.5936
74.4792
76.3964
113.79
122.601
106.016
96.2138
105.376
99.9162
90.2152
114.547
83.1388
107.68
104.973
116.923
93.4894
99.952
76.8624
113.961
92.9718
94.7212
77.146
119.478
111.35
102.867
128.711
93.6474
90.4662
121.422
99.6188
91.0746
102.37
83.2446
114.425
100.827
130.021
105.233
117.431
103.293
87.7464
90.9358
90.9778
80.7432
105.35
77.2584
114.821
90.25
122.776
105.418
80.351
104.431
84.5292
111.002
86.7232
108.019
103.611
103.273
102.326
97.173
97.405
91.3924
82.259
103.838
72.433
112.975
118.882
98.4624
89.572
71.3548
81.22
134.894
88.6196
91.384
83.562
95.7432
116.91
94.0516
97.2162
94.996
82.4636
101.595
92.0792
108.417
90.8924
60.769
107.245
94.6696
112.974
89.81
147.273
117.795
98.2722
93.3442
77.4378
82.7896
85.7462
85.449
91.2972
104.923
111.552
91.6622
99.7688
91.4416
95.3894
100.853
85.5602
81.3166
82.5196
85.5056
102.812
129.606
74.856
92.6104
93.238
113.263
115.883
92.327
98.4524
93.8414
126.952
120.847
73.6548
108.426
88.143
83.5744
104.011
96.4992
78.7374
92.2934
89.3386
114.694
72.5628
98.9728
130.233
133.737
87.3214
100.165
86.9534
122.598
101.814
88.5876
118.538
108.153
105.13
100.026
117.23
94.1506
105.083
109.347
82.842
118.906
103.225
87.0484
84.0574
94.9868
132.949
108.769
79.9476
108.635
95.5794
88.7876
103.787
119.141
97.0076
89.4064
105.148
88.8458
137.977
104.452
104.669
75.3268
97.1036
90.0912
73.0812
89.0132
114.251
96.7108
102.202
112.044
80.995
89.9558
90.3206
101.054
125.633
99.0336
106.826
90.4598
90.7062
74.9576
96.5988
83.829
105.746
94.1038
131.193
113.946
104.524
90.7312
142.64
92.9728
130.933
95.464
100.776
101.625
77.647
96.4798
90.774
104.846
94.7086
87.1236
112.091
108.713
95.2304
66.5816
96.5588
100.159
109.669
98.1184
83.164
126.086
86.8842
