87.6542
79.6842
96.2216
125.15
87.4342
98.902
126.471
102.388
92.5626
103.118
109.763
98.5474
113.67
98.5702
105.71
112.567
95.0994
100.284
107.129
89.759
111.934
118.225
113.111
95.8732
95.5924
96.224
94.6348
76.2566
105.293
100.854
99.5518
95.134
120.519
99.6126
80.811
95.9366
114.127
97.648
93.7126
102.532
96.6974
98.531
100.556
87.315
82.7842
107.543
94.4272
104.166
103.826
125.069
96.583
102.251
85.2142
92.116
83.317
93.2776
92.451
144.07
75.8182
90.5084
77.5412
119.55
86.7714
97.1724
70.8222
82.911
110.398
103.13
115.531
90.6536
93.3876
135.982
127.451
116.797
93.5456
95.7498
109.292
99.4208
102.867
98.1898
79.249
109.268
112.35
87.7362
96.8182
92.707
96.8438
86.5356
100.851
108.798
89.5434
108.725
109.617
84.8866
111.468
105.579
97.5754
98.116
83.244
134.15
109.117
129.33
86.689
90.6136
131.727
97.1706
107.807
97.8894
87.0162
103.374
89.4734
117.993
103.384
112.761
105.282
91.104
90.6098
80.8856
85.795
104.788
83.7764
103.83
77.114
77.129
91.3286
111.644
95.7236
103.933
70.9016
105.167
106.101
110.379
104.53
114.025
90.2454
117.649
97.8224
115.287
128.401
94.2314
70.7574
92.0994
116.014
103.016
96.3646
105.226
139.795
110.545
83.8674
97.2726
89.266
101.468
81.216
86.9842
105.208
98.4804
75.4768
88.16
93.2826
79.157
112.097
77.2794
143.295
111.285
74.7012
124.398
94.7212
97.6026
93.275
95.8948
85.3544
84.3472
81.7784
97.0314
87.7146
106.95
105.121
85.9364
93.7038
126.48
118.714
71.494
90.3824
111.004
87.3418
111.835
91.1796
89.7784
97.4918
77.2866
99.7526
103.296
90.0118
137.265
107.259
99.704
98.9108
79.1068
91.9548
72.3622
94.4752
92.8032
111.566
99.1618
83.7212
105.989
108.879
92.625
91.207
123.735
96.2378
82.816
76.8132
77.3662
93.1026
103.94
102.247
78.6142
87.912
79.1556
98.9268
98.8466
86.6316
98.8254
109.128
105.664
122.646
91.5784
99.767
107.362
106.898
92.6296
97.4386
107.75
114.847
113.746
91.133
105.328
104.37
81.1542
119.85
78.99
91.2306
76.5086
96.449
91.2302
94.238
121.415
110.772
105.485
85.9828
73.7752
107.382
110.814
120.192
92.0412
93.1476
88.5886
105.567
93.2598
108.929
119.44
79.3404
111.671
89.4546
102.067
81.6996
81.0596
87.4128
110.136
86.4002
84.8884
67.8024
96.4862
107.16
99.5666
110.569
90.9212
68.322
85.5278
99.4754
109.13
107.057
107.641
98.9362
77.7282
106.464
81.4792
84.7896
89.7166
98.1372
88.0414
87.0948
96.105
93.2866
94.158
108.647
109.928
92.68
119.747
109.898
103.807
69.1116
116.678
90.9724
108.878
107.666
115.006
83.2336
72.0486
97.0022
79.6864
109.718
102.34
91.3842
101.734
92.8
99.9046
120.311
90.4286
107.447
121.964
115.791
115.45
84.2482
84.4548
109.32
99.871
96.1252
88.0644
104.963
102.88
76.5724
114.438
92.832
109.044
120.101
94.6546
90.2726
91.0752
91.2132
107.679
85.978
91.8784
104.729
96.1582
100.936
94.4768
100.453
98.2044
76.6468
66.4504
100.798
102.373
74.8904
106.802
92.7022
87.3928
99.9112
96.7486
77.3708
93.5848
81.0624
102.131
120.435
98.7608
122.349
81.6174
107.151
116.989
107.03
135.803
93.399
77.1012
101.654
91.7584
82.2032
93.7564
102.966
101.124
125.977
97.8088
98.5344
98.9256
123.354
105.84
103.405
93.6072
72.2022
117.66
71.5442
100.265
104.377
99.8738
129.927
91.2
90.5424
127.269
93.478
90.6852
75.0784
85.821
113.555
119.21
85.3824
85.832
115.058
83.5332
89.4112
103.273
83.2484
75.4686
127.731
110.218
82.8288
88.9104
106.003
91.7724
122.836
83.4992
127.308
109.949
107.391
97.5452
97.7048
105.847
131.508
90.8368
107.093
96.2248
115.411
119.215
85.1846
77.6502
113.545
90.871
97.0314
120.702
77.467
92.7572
62.2524
109.235
88.9028
88.7666
93.187
82.4706
78.4174
86.6932
115.975
99.8862
74.9138
76.0638
136.073
91.4282
114.865
94.6978
87.727
119.657
88.8304
79.821
112.123
106.547
65.7886
88.615
108.889
91.6206
111.995
78.0118
76.947
110.158
108.683
111.864
102.544
95.6316
100.23
98.5738
107.883
97.808
112.802
88.109
116.379
120.776
101.42
99.18
100.383
119.122
109.671
100.719
77.6692
79.3108
94.5318
86.829
98.8574
108.793
97.5938
92.66
101.334
83.4404
95.5114
96.9032
113.07
101.83
120.476
74.8938
104.084
72.1294
101.467
97.442
107.04
105.69
111.365
66.9466
84.1298
92.5444
81.4092
97.4086
101.429
93.7852
122.148
103.997
98.0626
82.568
109.431
89.0044
106.575
66.441
108.291
104.166
118.25
113.118
114.706
88.4036
108.93
97.029
106.011
100.215
82.687
96.2834
89.4684
99.2202
100.012
112.854
112.338
114.587
110.594
105.894
89.72
99.9804
101.592
84.7422
103.35
84.5164
100.92
103.342
103.376
106.992
108.647
90.913
121.502
88.1288
76.7836
72.2554
80.5876
75.7324
70.1766
114.68
109.278
99.6074
93.1954
82.0878
113.439
102.749
90.5158
122.631
99.876
91.699
83.509
116.209
80.3686
105.953
114.695
80.6488
114.821
88.785
114.691
86.8108
105.87
87.0718
85.6734
76.5598
104.178
90.4206
90.3386
86.2818
110.143
90.797
89.1026
88.8108
98.8276
123.88
97.1
114.008
118.809
113.192
93.3
108.902
107.196
72.6856
78.8248
125.411
125.567
95.2192
110.635
93.857
79.4804
85.4686
112.037
104.797
94.836
108.405
91.41
74.167
81.0288
122.655
96.7398
93.508
91.8738
112.899
99.336
114.78
112.26
122.413
76.462
89.4792
144.554
110.132
84.6498
101.531
103.86
104.213
114.685
73.157
78.1664
99.798
86.6318
108.982
111.009
88.4204
103.882
128.198
112.742
96.195
112.594
104.493
90.384
121.52
104.7
129.577
95.7566
118.955
92.1378
98.4326
113.024
97.2836
105.514
88.9808
82.624
108.076
102.058
103.203
95.1332
91.8552
82.5072
81.817
94.9814
105.633
79.1718
71.497
93.2474
123.146
96.6882
84.669
106.971
110.432
108.212
101.991
75.8472
91.8526
110.225
75.6488
81.9564
101.719
96.6372
107.405
91.8618
95.4564
117.291
128.361
94.2898
133.997
97.9486
81.3792
96.6142
78.1732
78.3096
78.8584
101.754
126.274
88.8174
97.2442
83.44
61.194
97.5372
75.5902
77.6024
96.7136
114.068
85.7254
105.14
89.8816
77.6874
120.777
84.3412
104.931
105.133
82.2598
107.976
115.751
89.9506
94.9264
106.935
110.269
112.456
96.2608
93.8946
93.0308
81.4048
121.66
105.038
109.045
100.77
126.241
111.731
99.9052
105.943
99.6568
104.646
110.968
70.9654
87.879
85.9508
111.002
120.772
95.2914
81.1746
92.697
108.061
104.426
119.148
92.968
99.2014
101.444
97.128
84.2542
76.5872
97.8784
92.8272
83.9062
106.279
102.99
86.7564
108.261
105.194
125.847
108.395
111.31
94.243
102.123
98.8422
116.497
83.2164
68.5012
71.6528
92.051
109.856
97.6406
97.5982
103.591
104.789
95.9758
105.091
85.213
101.856
89.0062
93.361
110.38
120.445
102.098
94.0724
81.659
93.2228
96.6614
85.5714
99.0322
93.6822
94.5268
96.4796
79.081
81.9942
73.8086
105.116
85.6884
115.541
98.7834
145.363
97.8374
114.202
99.3116
81.796
98.1756
70.2048
89.137
111.319
95.8258
78.8882
97.3896
103.808
110.069
64.5276
87.7656
112.459
118.801
93.9494
94.0334
112.884
82.1038
85.095
94.567
90.6266
110.212
100.316
109.023
99.6686
95.2492
92.318
87.6532
90.311
95.5832
99.972
110.723
100.8
112.83
109.219
89.7282
94.4088
108.427
89.588
91.585
117.145
99.74
98.1918
97.712
91.9294
86.1054
96.118
71.9444
137.455
90.991
77.9388
91.3458
87.8168
109.419
102.424
101.192
92.116
91.8928
97.5358
98.4252
97.2712
94.0034
109.011
86.359
89.5588
110.113
74.7854
93.7432
101.267
90.3536
79.0228
123.065
86.292
85.8428
108.58
90.2942
76.1464
96.2978
112.577
112.936
91.5522
83.9846
91.0012
90.6046
118.709
93.0866
109.344
94.4182
105.75
107.265
118.767
107.196
89.3996
125.877
97.4984
75.0596
91.511
74.8016
132.202
89.4002
127.83
115.12
89.7898
81.2214
84.8342
83.729
73.3462
110.092
106.028
89.253
96.5718
99.0828
107.7
107.893
113.814
77.6318
97.6786
105.775
131.345
91.1582
88.8664
112.45
104.535
81.9698
86.549
82.7998
83.795
82.8672
90.9086
101.156
101.209
88.1124
104.706
92.0924
83.9358
99.4056
84.6524
84.3924
84.6334
130.556
99.7564
106.119
85.047
84.0994
76.9736
92.9558
104.284
131.572
123.932
110.482
132.151
102.182
142.12
92.8842
104.947
92.7422
98.4362
79.5908
103.158
75.6446
98.7812
90.3322
85.641
84.9946
85.4488
89.71
87.3332
107.099
101.484
110.574
98.055
107.015
92.35
87.6562
93.4112
129.869
87.0614
102.299
112.413
122.715
96.1286
103.256
109.835
111.346
118.262
109.798
86.9468
89.607
109.823
90.2206
105.099
116.736
86.3352
98.0048
104.085
109.965
87.0768
113.997
106.016
77.0362
96.9434
121.586
103.246
92.0878
88.2318
106.348
114.791
118.139
97.9714
91.5274
91.168
100.652
106.145
104.875
86.2074
129.314
109.106
86.5552
107.926
108.598
99.8186
105.131
104.639
98.0684
110.146
112.223
114.372
112.698
95.9348
59.7906
90.3316
125.551
112.399
91.5844
99.811
112.872
114.947
105.916
115.297
120.797
111.54
98.3218
116.395
83.3518
80.8064
91.7286
99.7124
100.626
103.239
115.748
106.278
108.085
105.593
110.176
109.41
104.22
104.383
101.627
113.619
82.4934
93.6628
79.3548
90.0526
113.248
91.822
82.2414
87.7312
118.613
106.014
96.0068
101.238
87.8858
91.408
127.308
96.8262
99.3412
108.887
100.327
87.1062
91.2208
98.375
93.7962
121.045
115.224
99.3804
94.247
93.5552
92.2648
119.52
84.6904
97.4022
85.3454
92.5642
92.838
80.5686
92.079
80.7872
90.6444
96.1152
86.548
93.348
106.162
88.083
81.9194
105.435
135.66
105.409
104.504
91.9948
85.1158
88.083
114.342
94.0458
136.326
81.593
89.2788
70.7026
120.275
92.4642
112.633
99.305
103.817
118.141
106.652
91.1558
90.5318
89.4338
95.796
112.809
95.6218
87.419
111.824
106.504
89.5074
107.84
98.7622
96.8526
98.4162
93.9184
97.5486
79.3078
76.489
107.491
72.6524
105.716
108.989
75.0926
117.105
101.359
113.867
109.454
116.183
83.5244
96.533
97.2596
107.091
107.631
87.8076
114.626
92.0782
104.855
82.6778
116.928
101.407
69.4034
82.506
110.76
103.959
75.6582
95.8754
102.585
85.1182
93.2116
121.845
101.988
89.1766
86.8068
97.3802
94.4124
97.9914
103.5
122.544
101.39
97.0868
105.092
85.4138
72.771
91.0418
88.0374
106.208
101.01
145.471
101.925
107.373
96.682
97.9998
95.1448
105.354
68.881
110.686
86.6218
96.6186
100.17
172.246
113.084
95.1606
86.9238
110.598
104.96
101.638
117.194
87.249
88.1948
133.185
107.078
108.647
114.569
103.287
95.7236
93.4936
73.7132
100.311
108.708
123.663
98.3268
94.209
93.692
106.298
98.3254
87.3102
99.8156
92.576
78.341
68.652
95.5554
90.3702
120.231
97.3406
82.76
67.4614
98.591
100.314
86.373
103.295
96.1434
94.2564
98.7556
85.6444
95.927
89.4534
97.6956
90.8832
91.5962
88.6948
93.4168
90.148
89.9942
111.54
95.5412
132.446
77.4382
124.33
133.371
95.434
120.323
111.197
111.864
83.7462
71.364
75.8102
119.114
133.507
106.345
92.5538
91.9924
88.2152
93.5716
79.7656
85.005
95.621
109.882
111.021
163.928
101.383
90.348
105.653
79.1702
98.215
93.484
129.92
82.1374
95.169
104.313
101.355
116.708
125.476
106.754
104.268
100.686
88.6268
71.51
113.229
97.8716
96.4124
106.938
111.437
105.099
81.7866
93.2602
93.5942
95.9806
94.6864
105.865
94.877
93.457
93.523
90.0928
110.096
89.3928
110.168
99.4366
96.9502
93.7558
87.1948
110.965
105.739
113.451
103.874
80.6102
112.247
111.275
109.37
102.297
82.09
88.1252
100.955
99.5526
95.4962
79.8232
105.358
104.872
81.8998
89.4126
102.647
87.4934
83.3582
97.2802
102.842
82.8982
97.6666
97.9316
133.134
93.6348
85.1212
121.917
85.9076
109.276
97.7072
72.3772
96.0084
81.4286
92.332
111.456
108.569
96.0842
84.6898
94.0322
90.8764
134.356
94.4948
112.349
116.888
91.2178
94.0126
131.439
89.7148
112.123
125.509
92.0112
97.5228
96.4058
69.0602
108.897
101.564
105.44
105.083
96.2478
97.3618
103.629
82.622
115.289
89.0794
95.4312
115.696
98.8366
106.791
100.029
72.7996
91.2582
75.802
101.125
88.0888
113.976
95.6678
91.141
76.6926
90.6734
108.355
111.894
92.79
98.067
93.0244
67.5824
76.3584
90.5674
103.314
87.9668
95.418
89.2568
113.173
72.9884
117.734
89.5136
95.13
112.374
80.5284
109.433
90.0404
101.296
80.8274
122.743
114.853
105.329
130.868
86.9552
84.1908
81.137
124.817
119.565
93.1948
87.91
98.4392
103.871
93.0976
80.022
141.311
79.675
111.764
105.667
104.421
124.673
92.1602
96.8672
100.979
89.748
97.6618
79.954
119.995
86.767
118.676
109.141
101.909
85.9704
111.204
106.861
104.002
77.3376
78.1452
123.507
99.6988
86.3296
84.9852
94.1398
90.2182
91.3216
130.427
104.862
89.519
131.009
100.183
84.9844
69.133
91.9468
94.2164
93.5632
73.4166
101.179
99.3778
118.822
119.124
104.516
92.5414
104.874
101.705
95.5956
93.401
98.9752
114.953
95.4768
95.7748
77.952
101.185
107.044
113.354
90.2694
91.8456
91.5224
88.6106
117.177
74.8138
91.6226
86.1648
90.568
119.764
62.935
95.1996
112.42
97.5948
80.785
87.1822
97.7806
86.7796
102.152
104.686
94.5508
80.8948
136.199
123.449
75.918
101.323
107.415
89.9574
115.443
102.703
89.236
107.827
96.048
126.2
101.357
87.4466
80.7044
105.735
106.89
99.944
80.4552
102.758
76.0534
69.845
89.0488
88.57
104.888
86.0822
89.4432
96.1202
115.438
70.9366
121.623
103.903
109.819
99.2286
71.0408
85.288
88.172
98.65
77.4716
106.96
80.1962
102.648
97.3626
87.0884
103.683
84.8316
97.3596
66.5928
117.929
129.126
99.5286
119.472
109.081
99.0596
83.6096
84.574
92.816
86.0262
92.2752
85.4858
115.36
78.3234
116.832
97.4986
115.481
109.678
106.313
81.037
89.9934
123.394
98.9936
99.4618
100.74
104.772
111.733
100.874
81.498
80.8038
87.5618
86.7174
110.839
61.3248
97.94
89.9658
110.278
78.3392
94.0178
108.7
107.92
88.9994
91.4638
85.4006
83.8924
95.4674
105.897
103.218
94.5098
94.0036
97.8494
91.3578
91.57
108.84
107.046
115.216
91.9068
75.452
83.6316
82.9644
97.5928
100.425
99.6266
82.909
94.7408
92.0714
108.585
92.3662
114.745
81.6856
102.706
84.42
99.1552
98.7306
98.424
108.397
92.562
113.497
110.407
100.312
83.2138
86.1472
126.32
88.9928
87.8158
74.2784
83.8424
124.968
114.889
93.0812
81.6218
123.921
106.856
97.8356
113.995
68.0554
101.465
123.406
105.622
126.499
120.397
102.668
106.243
80.2268
86.4858
107.247
83.3544
102.954
93.6782
93.8362
103.842
96.7394
110.895
106.557
83.2394
92.0114
99.6678
104.406
100.487
86.2732
98.6302
113.863
88.4898
102.916
101.523
107.08
84.4018
102.459
108.062
87.2716
104.016
105.774
117.082
99.8486
121.043
115.178
115.899
97.429
109.48
93.7662
110.493
92.101
102.538
97.8414
115.474
123.324
119.928
109.061
93.1936
112.059
77.6788
112.515
107.636
96.3708
72.2182
97.0016
107.464
99.6036
92.1312
104.641
91.1434
108.774
100.224
107.177
81.9982
89.3332
103.138
107.834
75.4436
100.515
84.8788
100.344
103.791
91.1978
87.1548
89.4724
94.2248
104.931
93.819
100.125
89.4154
132.902
109.809
91.2602
99.928
87.315
112.805
81.956
92.1568
104.573
93.0628
120.541
105.303
86.388
95.2424
62.086
107.2
82.4362
79.6172
100.612
96.6466
82.3816
105.973
112.166
101.501
99.2846
97.8462
109.552
113.648
114.486
88.5538
101.608
107.026
112.936
108.49
79.4204
93.8248
78.1416
64.7774
108.784
114.953
91.4108
100.818
87.0192
72.5908
115.437
101.122
108.374
91.3124
113.096
90.0838
102.564
69.2468
104.522
113.983
111.131
77.8394
80.0224
89.1648
84.7892
99.2378
99.9546
89.9658
100.366
116.209
96.874
108.824
95.6374
85.9832
84.7484
98.8796
114.051
93.6102
89.8654
88.8284
81.2608
112.699
101.297
99.041
104.257
85.0038
86.4334
103.825
101.089
86.4158
106.95
83.4018
106.95
91.893
94.1008
97.501
130.141
80.934
92.2638
105.081
101.604
94.3886
87.632
96.3148
94.5582
98.104
79.2112
111.193
111.973
100.858
104.1
93.229
90.7472
114.962
70.6252
110.32
99.8454
100.399
102.114
88.5242
101.411
92.2784
133.805
99.7216
85.588
130.396
105.173
112.237
99.1886
102.908
85.0478
90.6532
111.012
93.2466
94.0406
93.8076
75.8028
95.8878
130.282
114.183
105.95
76.7826
108.677
100.352
122.022
83.8096
107.927
112.722
98.0114
86.59
101.74
94.9858
101.995
69.2374
115.689
110.12
97.8424
91.7766
95.8662
95.5894
97.4652
93.6088
84.2898
89.8726
92.436
124.331
79.2052
111.768
108.613
82.2788
98.1166
87.355
101.213
118.146
88.126
92.9078
92.1434
95.9798
89.6488
101.133
97.879
80.7568
100.894
93.2532
81.2324
105.383
103.566
98.555
93.5072
112.728
103.99
91.0098
103.514
111.24
91.3216
82.802
95.0168
71.7116
126.596
111.979
105.933
86.7958
97.9828
82.4934
89.6318
90.371
114.492
101.549
79.0786
124.36
85.9496
107.615
88.6662
69.8142
101.293
102.657
104.021
123.357
93.917
86.0894
70.9092
110.739
87.1914
80.5214
81.9132
114.888
106.982
94.5342
122.813
99.297
109.018
92.0492
94.224
106.045
77.5798
95.8466
92.6216
86.2192
128.253
125.559
106.26
99.9918
106.962
84.354
117.662
98.1862
106.13
107.969
99.7818
106.303
88.2106
91.231
110.483
96.8538
88.25
103.704
102.502
96.1122
97.0766
77.2848
116.822
131.412
89.7108
85.5778
123.219
98.0558
112.771
84.5792
83.1846
98.9426
100.113
108.192
113.191
84.4014
93.428
104.494
114.604
123.304
97.6896
86.6286
103.005
92.1756
74.047
102.781
66.3986
83.6812
105.569
131.303
57.3762
89.6354
108.802
85.2938
114.386
86.271
106.269
91.4256
94.589
103.343
116.05
102.267
111.251
82.2018
98.6312
98.7696
106.403
109.586
92.2936
134.555
103.512
125.863
101.778
102.244
104.87
102.712
86.4728
113.33
101.816
94.1736
124.061
77.0934
127.229
81.1914
114.988
105.415
108.316
89.3668
118.522
114.027
98.102
113.009
130.065
88.6506
94.417
103.003
101.177
82.7216
81.5086
88.4478
101.942
103.137
98.3402
94.9864
60.9516
93.2988
115.497
105.733
110.795
87.684
101.431
112.865
94.4314
131.294
83.248
104.368
57.0596
81.2958
102.219
94.5214
114.446
122.471
85.7564
113.705
82.725
85.596
103.142
85.7902
77.2176
99.3934
100.137
105.473
87.2016
133.657
104.545
76.8662
100.682
89.1108
106.284
97.5496
92.2898
99.8542
93.4222
95.0368
111.418
99.775
88.2844
94.3478
110.071
103.511
104.154
97.071
97.9296
103.137
123.032
92.7054
98.052
99.7402
91.8128
96.574
100.346
95.3608
88.4506
95.0224
94.2534
78.8608
105.703
89.6334
100.682
82.9084
92.7382
115.626
89.831
102.185
118.043
119.834
89.77
107.679
82.3984
109.074
98.132
78.1812
76.588
106.166
96.558
103.459
84.4874
130.097
76.1664
101.417
78.0502
113.104
101.278
108.796
102.98
109.704
89.4688
127.08
105.052
103.08
104.326
78.1458
80.819
117.759
92.5326
87.795
66.9684
91.9856
105.57
87.8364
94.1268
77.5444
99.5958
75.794
128.872
124.95
85.927
102.479
113.856
97.2242
107.048
109.933
118.383
102.066
91.3534
94.7544
109.77
98.673
79.9752
91.9854
112.8
85.9466
100.698
86.7502
99.3374
106.395
104.827
116.251
110.954
113.702
84.8616
107.881
96.5478
80.9068
109.31
115.716
127.199
109.593
98.0796
91.7774
112.74
88.4884
114.102
140.871
113.938
113.15
82.6952
103.417
83.1634
82.404
121.862
82.8492
89.5254
123.248
78.668
97.3506
83.5782
112.045
112.501
115.945
96.0912
130.498
86.235
95.22
98.7234
102.862
114.641
108.788
122.107
97.4374
102.32
88.0838
80.5186
98.344
106.431
73.946
108.683
105.178
123.009
78.7154
107.521
116.688
95.341
92.1246
101.947
76.4314
121.69
95.4184
95.0206
70.6994
91.2924
103.907
100.096
86.7606
103.109
92.0414
85.8336
107.146
120.781
99.6892
97.7192
76.6922
101.96
84.5182
102.413
93.005
99.5782
88.6248
81.759
106.35
89.173
133.921
93.4
87.7154
74.4872
79.8754
97.8062
88.1736
96.9758
84.7898
95.5436
92.9028
94.129
127.001
86.65
122.04
80.526
99.9908
94.7232
91.4818
94.978
99.1098
86.0358
82.5486
129.673
130.337
97.4922
87.9104
96.5766
120.578
127.118
99.5274
89.8336
123.146
84.9706
68.8584
92.5804
72.9236
117.178
88.6516
86.935
94.0466
110.093
97.9542
83.323
88.543
107.98
120.448
89.3122
122.362
85.8062
96.762
94.4084
103.257
86.8398
102.347
106.32
101.853
93.4548
107.661
92.7512
106.188
87.8866
89.2552
95.8002
86.3638
92.6122
94.5974
86.3412
91.114
111.212
138.668
100.263
98.374
92.6192
103.387
94.415
126.895
105.874
89.352
89.4754
77.599
98.1662
119.188
103.844
94.4274
84.021
82.6264
99.4938
78.5602
98.4902
97.3966
95.0872
90.1126
80.1122
98.7616
103.335
106.418
109.292
99.835
87.357
73.3658
93.8348
115.897
102.874
90.3668
112.037
91.2118
93.964
96.5462
96.7608
92.0426
87.2196
82.8978
107.672
70.411
84.674
116.39
121.603
111.677
93.3624
113.328
102.905
108.387
97.1784
84.6886
91.552
89.6186
89.1934
107.611
100.381
63.07
100.47
88.5666
110.689
97.5974
104.867
115.241
123.712
106.905
92.1672
121.339
99.751
138.706
123.857
79.3596
110.565
98.3044
103.623
116.16
83.5178
105.27
102.953
99.2072
92.0418
102.927
105.565
82.5746
107.429
73.6908
93.067
81.6792
98.9836
104.61
107.275
94.6126
74.132
92.105
87.6322
94.74
102.554
106.969
85.569
90.1724
86.0608
106.56
81.652
89.2116
110.93
89.1734
111.912
113.155
100.381
87.7202
87.5684
104.816
106.395
100.926
98.821
105.83
83.8416
98.051
113.323
98.5314
107.102
83.8084
95.3804
97.8992
92.277
94.5706
114.082
72.8212
95.8536
122.844
118.645
96.136
115.615
104.392
108.292
87.231
101.231
95.1936
106.356
91.5662
92.6004
104.973
97.8986
117.167
93.8402
85.1314
124.256
90.811
77.39
82.9196
100.654
105.617
105.514
100.203
98.433
98.6642
98.9318
100.321
95.5208
73.061
78.8308
137.335
97.663
86.8378
106.784
90.5136
83.991
100.18
108.288
106.327
119.368
80.3362
80.3182
117.648
103.963
95.5488
94.9222
126.964
96.0788
86.3906
104.247
93.4518
110.715
127.469
92.4844
121.215
80.0708
101.906
78.0472
101.53
80.6744
92.2902
90.6234
81.7212
75.4464
93.4534
107.868
100.127
81.5464
80.6084
91.4008
101.442
91.3274
95.3656
107.511
108.587
136.874
79.491
89.1
92.2236
98.8036
85.278
99.7818
96.7642
102.71
100.346
68.1534
132.425
97.1866
149.116
123.406
76.483
92.1534
104.496
84.5992
101.562
104.808
96.5022
90.6202
113.951
92.757
104.235
100.302
94.1712
103.67
109.854
106.38
74.4988
96.364
86.2608
87.847
80.2492
86.2294
105.863
107.678
112.228
96.2442
102.811
132.209
122.909
118.438
101.97
108.801
85.4092
87.4098
100.795
100.495
105.32
103.678
76.6316
109.233
96.54
83.4588
85.236
107.334
87.4366
80.2426
104.733
92.9198
114.493
112.716
91.816
107.28
87.7648
100.028
95.3112
103.012
112.071
108.207
79.1424
115.883
87.2476
109.231
98.1358
101.98
87.6726
70.4854
103.129
107.973
76.4006
105.223
93.1418
97.0792
127.243
80.88
106.424
80.4964
112.509
95.6204
99.7902
102.907
120.713
91.5358
102.589
118.591
98.5926
97.2054
113.342
99.5852
81.8576
91.0248
82.135
78.4714
93.7946
91.6226
96.4202
87.9904
91.551
107.414
102.68
101.071
97.5218
120.472
100.948
96.0924
98.073
96.022
108.926
104.343
83.9608
80.8598
87.418
108.576
108.797
87.5032
98.0624
74.686
78.0544
94.2434
96.5782
101.383
99.9018
117.046
97.1026
99.6022
78.1956
123.368
110.346
90.7216
105.391
107.321
113.507
83.4486
112.136
111.518
90.2312
80.7264
124.114
114.961
100.936
98.5488
99.6122
78.5452
94.3356
116.647
82.613
119.912
96.2678
84.2464
96.8256
97.1954
109.445
99.668
84.2424
109.512
91.9898
110.112
85.7898
93.4712
104.608
102.557
68.1278
133.645
104.031
83.4044
108.682
108.58
66.274
112.252
90.4362
64.8486
80.5178
93.3072
111.726
89.189
124.201
98.8214
107.753
134.323
99.3804
93.3788
111.888
92.0404
105.787
103.423
139.636
97.9866
107.394
102.119
95.5232
87.678
111.661
104.136
98.2462
109.375
94.143
104.774
70.95
103.621
104.922
109.897
80.1312
89.3748
102.868
66.7496
81.9394
88.3044
85.548
118.08
102.596
84.443
116.384
109.698
75.0412
108.135
86.5984
90.1768
102.065
103.021
116.518
92.6272
103.447
103.909
106.76
109.779
120.947
90.5934
100.495
169.131
108.427
71.391
102.63
81.7284
93.1192
87.9728
97.8606
90.2344
99.5364
83.9262
101.74
80.2928
94.9832
94.4426
104.426
115.306
93.9454
92.3266
89.102
119.007
104.986
94.9264
94.4726
97.7362
109.462
95.2554
108.624
93.9334
101.125
102.084
80.0854
108.067
99.273
83.7122
97.3512
69.555
79.4258
109.24
106.754
114.749
95.3004
101.795
96.0834
114.456
112.725
95.2314
92.6148
108.027
90.2316
86.3862
104.257
89.715
112.835
111.169
102.754
114.42
102.639
95.165
102.092
92.5124
99.0754
91.1344
112.303
79.1662
81.539
120.846
97.8596
109.937
111.244
67.4646
124.429
95.6912
87.0304
107.743
106.103
96.5074
91.2294
103.592
85.3962
115.037
85.5388
72.32
90.7464
92.925
89.8968
103.697
100.073
102.429
90.5302
90.5718
97.367
115.983
105.879
114.433
92.618
92.0446
110.418
116.405
84.503
96.138
91.204
116.717
96.2396
102.168
88.4734
104.128
106.936
80.4056
91.716
109.14
107.03
88.7574
110.231
107.215
71.7708
115.61
119.368
96.046
85.608
96.4916
91.5986
106.296
104.685
59.5466
98.677
113.508
101.798
82.9602
97.1266
125.634
87.3474
103.047
100.05
95.211
99.4536
87.3726
101.287
121.309
95.0968
109.875
86.4262
125.244
88.5198
95.3058
90.258
77.5306
113.533
89.6702
124.331
79.8016
91.106
87.9718
92.7752
101.576
107.11
71.9482
86.8862
105.058
110.583
86.873
115.943
118.258
91.0192
136.264
93.1812
92.0242
104.827
107.424
108.183
84.304
98.863
98.9384
118.177
99.9616
90.5572
98.056
106.526
126.556
111.886
95.395
113.879
81.444
113.593
112.979
60.1366
101.373
80.947
93.9764
90.7838
119.75
81.7608
91.7928
120.352
101.462
73.9816
92.9116
94.8452
97.8676
83.8106
113.862
92.8252
105.691
128.125
103.277
93.6888
101.474
104.696
110.35
95.8328
85.1278
106.704
97.4628
73.8904
74.27
71.7092
81.8098
70.004
99.1622
111.445
94.6834
91.7248
83.2344
107.206
87.5334
104.8
89.3004
90.1018
104.115
131.403
92.2216
98.0592
96.9288
102.789
103.355
114.176
98.1426
117.039
75.354
81.1182
98.5894
96.7008
112.447
105.332
98.9194
84.936
96.1456
94.9142
93.729
83.1546
105.519
68.2504
102.015
124.693
96.3442
88.2484
83.1322
107.167
120.118
102.939
104.035
92.0364
86.1148
91.8382
93.9664
102.677
110.788
99.3972
102.313
105.741
107.255
115.409
85.5482
100.27
103.001
66.359
88.2466
98.5328
88.7582
95.2484
80.323
90.9646
83.3028
87.0478
96.925
102.219
97.8392
77.1164
91.0878
103.861
74.2186
113.564
86.2
100.659
124.655
105.133
97.4408
120.896
97.057
108.513
114.278
111.217
96.9698
122.491
107.197
88.773
95.6772
118.556
104.51
137.068
93.6376
84.3318
123.121
85.4232
123.741
86.176
119.026
86.9604
98.2706
96.7676
95.1238
100.831
90.143
111.814
99.7342
93.083
117.209
86.3262
102.325
90.6042
88.8888
98.9064
88.6318
108.716
85.216
100.555
86.185
117.279
108.831
117.425
104.801
102.994
106.553
129.234
82.221
118.975
103.861
92.895
62.0164
118.507
114.574
84.0284
103.963
82.8476
102.799
89.3042
84.9346
120.456
84.3534
107.04
74.493
93.632
87.0154
98.6964
93.8602
96.7112
100.091
100.969
97.472
120.055
98.2686
121.951
122.703
103.768
89.7962
95.56
112.141
123.03
92.3278
96.7446
78.3294
98.5896
102.698
90.4218
96.506
98.6376
105.273
70.872
86.621
77.45
93.551
104.143
96.1938
114.642
109.005
97.1788
115.162
78.2558
103.855
88.3624
102.055
88.5066
79.9602
97.562
95.7154
92.4844
104.356
106.614
84.1968
109.789
93.1524
109.407
101.931
102.868
76.1702
105.966
101.547
82.7748
82.3
129.502
118.325
92.4272
89.4188
113.183
103.224
79.3334
101.324
85.4446
93.9002
117.234
93.5838
121.13
95.833
89.9074
86.6448
100.527
105.449
101.733
90.4586
91.8234
139.98
98.9126
103.83
74.3596
104.752
104.431
118.218
103.804
84.8394
95.9608
92.2576
83.5658
90.4098
102.727
105.251
85.1024
123.71
95.3158
89.9672
89.8842
99.8196
97.8242
107.333
85.8634
84.3814
116.446
106.934
109.206
100.362
106.049
102.388
98.0686
104.801
113.101
102.278
110.483
94.2386
105.921
140.835
95.2934
100.148
111.224
89.3554
63.7134
101.839
87.1212
84.5464
94.496
97.5772
97.617
98.9836
96.683
117.412
99.4306
94.6936
89.7104
92.9052
93.1956
94.8006
110.868
104.412
102.572
83.4852
108.506
78.766
85.55
91.9176
121.115
77.9184
137.37
103.42
115.295
102.11
114.67
88.3484
118.493
95.6176
87.5218
107.686
106.752
131.902
114.027
117.954
95.0532
78.7364
108.939
105.107
72.6134
110.83
117.074
90.8114
89.9996
98.4166
108.633
120.343
77.4284
105.96
88.4694
80.565
128.421
114.111
94.7538
129.122
82.2036
87.7082
105.593
104.106
93.5262
92.7596
125.076
64.4972
83.1726
82.4212
83.4956
112.507
92.6442
91.7314
97.2934
84.0848
107.237
77.897
137.503
104.444
92.2308
92.006
94.2266
83.0194
122.061
88.3832
107.854
95.6426
74.5328
101.896
89.8382
103.568
90.8134
113.152
115.522
79.4184
98.087
124.858
106.463
121.624
118.507
92.3774
93.5276
70.3994
74.5002
99.6488
93.7828
118.626
89.51
96.0998
65.6998
104.757
106.348
85.3684
88.8412
94.7062
93.7092
90.9346
121.134
83.7062
98.4866
114.608
85.3552
105.064
89.0512
100.903
74.7696
89.656
116.774
103.782
87.0696
105.079
87.187
101.128
92.7572
88.9808
92.6478
82.72
119.477
99.8418
105.68
85.4354
90.602
99.7078
96.5016
115.454
82.9664
93.3042
84.5704
111.465
103.349
97.2672
98.3812
90.524
110.575
95.6886
83.2932
91.3312
90.158
79.55
88.1074
83.9604
118.887
108.399
97.715
106.953
89.8892
113.949
81.8814
124.435
78.2658
88.0396
104.497
89.0804
101.338
82.9492
96.679
81.2744
93.5538
92.1848
99.3308
108.748
75.725
83.0178
95.1574
101.496
90.6046
136.953
91.8158
110.522
103.912
101.011
111.417
87.1864
80.837
88.5746
105.886
101.714
112.655
94.2132
76.9118
94.8826
88.1068
136.073
102.315
106.882
126.938
105.604
118.973
143.155
104.169
96.768
114.479
152.538
96.7994
107.015
97.4012
104.076
93.4836
79.9918
81.0738
93.6128
102.213
87.6728
116.009
103.167
112.226
96.705
93.748
93.8296
104.006
100.289
103.219
111.853
76.8542
96.4626
115.705
90.897
102.706
95.3802
116.463
78.1178
99.5842
106.932
97.6092
92.4332
86.036
80.8474
81.082
99.4948
88.5452
92.7304
88.5386
87.6038
122.059
93.3672
135.243
124.493
99.5794
88.1344
125.595
96.6226
110.321
84.5172
96.2744
93.8222
105.913
116.18
121.64
106.624
99.4562
82.24
92.7378
140.215
96.4502
89.9744
82.982
104.505
82.7208
98.5704
112.644
68.3798
106.182
87.213
107.127
107.579
85.1342
102.156
98.0164
95.8114
76.3972
73.5564
80.271
103.444
107.939
95.7798
96.8386
89.5302
91.2312
93.2314
107.612
105.651
89.7436
117.865
101.026
81.041
69.1212
102.161
113.808
109.306
93.9314
119.409
103.405
124.247
97.4106
84.2952
88.295
103.809
82.159
105.369
110.883
97.1296
87.122
97.7148
99.949
128.335
102.113
105.697
115.326
92.1184
117.901
95.2696
105.998
114.514
100.531
74.0662
96.8442
83.9276
80.6104
96.3568
80.3114
88.6532
80.5808
101.349
118.46
107.844
80.1926
95.661
96.6406
85.1266
82.904
102.951
97.198
87.4014
104.461
90.191
95.619
81.3262
87.3972
113.841
81.0544
106.461
125.333
96.0334
86.8712
76.3402
96.893
98.5362
98.8678
73.624
112.126
95.5296
97.6074
91.8556
93.9024
108.9
86.7836
79.3526
94.9476
109.832
85.0884
81.6396
95.8796
97.0028
104.244
109.14
97.6076
97.772
92.4286
132.232
58.075
94.548
111.865
100.423
87.6186
109.789
81.9564
101.478
108.201
114.272
101.19
94.7698
74.3568
89.7594
84.7466
90.8242
105.172
96.3888
113.799
97.9188
123.6
95.26
114.238
93.8538
111.526
84.491
90.1896
99.2662
92.6884
90.0926
108.87
95.2948
92.7392
115.6
90.1668
81.4248
122.725
98.3836
99.67
82.7452
97.9656
104.523
82.0512
102.831
84.2546
100.142
96.5604
115.353
100.081
98.5104
106.921
92.6628
107.706
78.7132
109.218
102.937
86.9646
97.077
94.3936
110.382
95.9656
98.7494
95.9378
89.461
87.6262
87.3028
116.53
85.3438
101.749
92.2146
97.4122
125.768
126.203
119.681
111.229
112.648
87.4582
89.4524
84.1652
64.5878
113.587
103.951
95.4014
120.983
83.9258
94.3186
99.8804
98.6674
89.1658
132.778
79.047
109.389
92.3034
96.4988
96.5556
114.834
117.632
101.056
81.2952
99.1366
93.571
106.128
93.4672
88.5772
112.408
111.079
106.081
103.021
70.5296
105.687
120.707
106.721
91.7956
103.368
95.464
79.0828
99.0716
129.741
93.477
119.09
107.086
107.624
68.4386
82.4932
96.3642
104.121
108.192
92.6772
105.272
97.8636
98.8972
102.53
116.416
95.869
83.3146
109.76
130.741
112.118
110.964
104.472
89.3786
100.336
107.348
109.855
86.2152
89.3058
105.405
76.974
111.726
80.5134
128.473
119.889
88.3352
107.344
124.166
98.7574
113.058
102.956
93.4232
98.142
114.396
108.878
92.5466
92.006
96.691
103.698
118.067
79.1126
96.6186
112.019
107.709
92.8992
94.3436
111.829
78.7708
106.978
114.417
82.5096
95.7686
121.071
96.7366
124.896
114.616
75.6908
104.177
96.0702
83.0836
101.918
90.9562
91.758
94.4738
105.238
104.716
71.0684
100.135
65.9828
91.1252
91.4442
98.7694
58.6644
98.8644
111.859
92.4098
106.361
79.3196
97.3854
103.833
99.9262
109.321
71.7806
73.3122
92.1842
82.1398
113.708
70.3946
85.8038
87.3984
87.068
82.2402
97.5872
73.5204
88.4142
120.173
110.319
74.5128
110.671
125.317
123.822
84.9638
93.5164
101.731
85.059
117.166
93.262
94.3268
97.3844
87.7346
84.7676
93.2552
83.7628
112.627
107.215
113.02
103.263
98.7852
105.508
81.448
114.236
105.563
80.627
100.4
89.2148
88.0542
100.743
86.3978
116.866
87.115
104.104
81.7272
104.524
77.1386
111.073
109.374
96.955
94.059
92.9802
97.7266
94.1956
79.932
92.9598
137.059
108.611
121.886
99.55
91.1252
77.1088
124
93.8668
86.8112
87.2182
101.207
83.682
80.577
96.8626
115.602
108.533
96.0198
116.49
106.328
85.2964
92.9134
110.655
106.379
112.182
72.909
127.736
86.4426
78.998
101.457
106.881
98.5536
111.888
107.212
98.5454
112.775
107.106
89.1624
107.528
100.891
88.8018
94.0234
96.5968
83.3628
98.418
101.217
100.084
118.887
118.248
88.7824
101.887
119.45
100.389
74.5192
91.521
91.6162
86.091
106.886
97.1324
119.176
66.2764
69.8594
107.955
97.3226
110.024
99.3254
83.094
96.3656
87.2582
111.381
97.7588
104.481
116.729
102.796
100.553
94.9452
76.5306
122.221
86.573
90.1026
107.589
78.261
94.659
92.3928
115.356
87.192
73.4112
95.6088
96.6948
96.111
101.2
124.647
100.462
80.4984
98.3792
90.9482
111.95
86.1374
105.293
102.596
94.4862
86.7636
82.5042
87.5164
90.9654
105.27
96.7538
105.597
95.3054
68.1712
106.505
114.68
87.2252
93.5136
90.2588
89.923
105.255
83.9148
105.935
102.389
100.667
77.8338
95.9942
91.68
88.4578
108.022
101.54
93.5254
84.6658
75.737
96.158
106.235
111.827
105.33
127.468
83.6956
105.688
87.427
86.6202
77.6398
100.959
109.718
108.474
90.4512
87.2796
85.0254
96.9044
106.169
112.829
91.315
103.053
103.524
91.4552
100.553
104.167
111.429
100.252
93.4108
120.347
100.051
88.6414
103.496
91.451
109.783
115.414
106.025
114.095
84.7852
98.785
111.778
100.935
106.35
94.7612
91.7382
124.694
113.36
86.8376
94.0846
109.721
96.701
116.656
86.5688
123.818
57.821
115.162
135.506
117.634
77.7932
95.6984
117.283
103.262
101.5
107.296
74.6554
79.707
110.919
96.8012
73.618
114.466
99.081
98.4376
113.312
117.974
95.8704
84.1402
85.9292
97.4982
80.878
96.5192
78.9194
92.6784
112.458
106.982
80.5744
73.1592
97.9668
100.606
92.0388
106.699
93.0722
77.8678
102.557
109.822
101.61
106.119
115.966
108.919
93.0124
91.272
114.803
94.1484
96.9482
108.138
137.905
96.2814
119.076
105.288
108.692
107.329
93.4214
109.535
105.572
106.043
104.779
124.847
106.494
94.4856
84.1446
127.047
87.7198
101.662
133.632
100.454
110.389
105.312
115.643
108.694
109.262
106.297
97.743
103.683
84.3116
90.8902
108.785
82.5618
118.211
101.172
103.946
84.373
84.8474
101.657
122.609
113.795
98.3938
98.8388
110.524
81.3498
102.632
100.639
95.7084
81.8486
90.2426
89.6336
81.5516
86.7078
103.331
135.086
91.5204
115.124
91.8768
101.82
97.5524
96.6482
93.0666
113.548
122.078
105.404
97.0094
99.0112
91.6138
79.0776
94.238
93.3092
113.377
126.619
92.1594
86.5474
80.3766
98.336
122.242
82.998
95.4478
130.116
92.8942
93.675
102.413
112.407
95.7346
118.585
100.713
104.245
108.861
97.671
102.836
104.184
88.4598
115.091
122.658
104.949
99.9092
86.9164
92.8146
100.423
74.4704
110.417
103.061
110.821
96.0964
119.998
98.8424
86.1254
94.1098
115.5
98.2852
90.6762
104.879
100.095
86.3586
104.312
86.9098
86.999
107.077
94.6744
103.483
109.775
119.612
92.9336
106.05
91.4722
91.6606
88.5864
93.9596
91.6788
146.588
78.679
87.1444
77.579
113.563
86.64
94.6226
68.297
74.469
112.017
94.7102
107.726
99.0924
87.1646
132.43
127.949
113.144
98.1144
99.8096
106.406
101.403
106.596
104.217
78.2462
119.229
113.294
87.7062
100.874
94.0008
96.0402
92.1188
99.6504
115.647
96.1992
113.777
117.599
94.6918
104.091
106.155
96.6646
99.7256
85.0236
125.623
102.192
126.961
84.2962
96.9308
130.601
94.3472
111.483
98.9964
84.5658
104.742
94.9392
112.325
97.1684
100.412
104.247
94.7186
96.6878
83.7364
79.4524
104.352
95.914
112.495
76.5174
74.3062
93.781
111.939
92.2912
106.236
76.3784
104.766
102.323
106.817
97.7544
109.122
84.9668
118.572
100.321
112.821
134.552
91.6076
66.7196
96.98
101.417
99.0308
96.7368
101.906
138.731
108.216
90.4072
98.3056
91.3248
96.8018
84.4856
86.4138
101.733
87.5986
75.2532
98.9078
88.3948
76.0012
111.669
80.8522
141.948
104.563
73.5744
117.574
94.7562
98.296
95.0168
101.412
84.8402
73.1392
87.8254
99.9772
87.7974
105.116
103.055
80.6082
88.8072
129.743
119.071
68.5344
87.143
115.97
79.2816
114.198
92.588
88.5444
87.255
78.5014
101.971
100.403
93.0382
126.028
107.294
98.5168
97.671
83.5742
95.2078
70.4134
86.5886
94.485
100.599
87.917
82.647
111.763
119
102.044
97.5142
124.301
95.6458
79.5414
83.698
82.5492
94.5162
112.49
102.885
77.1708
83.8076
74.5
97.727
99.1006
82.4708
108.776
114.197
110.159
126.322
82.7382
107.367
105.046
102.332
93.0392
88.6226
105.438
121.831
115.52
92.6876
100.573
100.407
89.831
116.822
81.0728
86.0226
74.2234
98.8828
91.6984
94.3832
128.655
115.335
98.6534
88.7954
82.2036
109.421
106.903
126.227
90.5854
97.2712
78.41
102.132
97.2924
100.902
119.601
77.2804
108.867
84.7988
109.403
89.5592
87.6722
86.0992
114.985
87.4866
83.6238
68.5928
101.719
99.1124
101.514
107.456
91.1196
62.7144
93.0398
99.835
117.85
107.175
108.236
103.149
70.2128
105.613
84.1776
81.445
86.119
101.631
93.0904
86.4904
96.152
89.4676
97.3892
103.838
114.72
95.0296
113.772
103.283
102.551
77.3354
119.193
89.4334
103.264
110.52
111.853
86.136
72.4536
92.3602
80.068
104.427
100.997
102.792
104.051
101.025
104.37
122.638
94.8164
110.376
123.238
112.415
122.297
86.2526
82.2616
114.711
96.2094
97.1016
92.6288
110.011
98.214
72.5682
111.36
92.4838
108.287
105.084
101.579
86.6902
90.0734
95.395
103.837
86.7652
88.5926
105.319
90.9114
98.9922
89.2814
97.749
91.31
79.1462
64.161
106.987
118.492
80.1932
104.936
89.5136
82.7042
101.357
91.9214
80.3738
98.5084
82.097
99.4562
106.926
99.884
123.34
84.7864
112.382
104.828
109.186
140.179
90.9768
73.5638
101.153
91.275
83.6024
101.389
95.5514
100.426
127.984
100.681
97.2456
93.7454
123.721
101.835
91.8996
95.6578
73.991
121.89
73.4606
94.7692
104.619
99.7048
131.728
91.0292
99.9442
131.136
88.9938
91.5226
78.102
86.0648
116.638
128.269
86.2486
86.567
116.011
85.9302
86.1828
105.052
85.2092
71.5798
122.882
105.368
89.7748
92.2278
102.956
91.1318
116.277
74.0036
121.893
117.192
116.653
95.669
100.619
116.658
126.092
88.2274
105.874
94.3968
116.309
112.668
83.775
74.13
115.371
89.5804
94.0112
121.591
73.8388
90.3016
66.3376
108.297
95.7824
89.7558
89.9086
76.2168
83.7964
95.7634
124.096
99.538
81.8626
79.538
126.609
86.7326
120.299
87.4862
84.9226
126.022
95.2868
95.916
112.222
102.977
64.466
85.4684
109.262
95.8304
114.286
73.4852
78.6498
116.766
108.039
111.417
99.4562
97.0374
99.9094
99.1468
101.346
90.322
109.247
88.7698
120.536
117.409
105.834
98.8838
97.7706
118.695
112.608
107.631
77.2126
84.4748
94.219
82.577
92.7522
107.913
107.434
90.8124
96.6806
92.4066
95.8932
99.119
114.556
103.215
116.833
83.3662
110.252
77.5068
92.6038
98.2402
113.539
100.973
113.027
65.1842
84.4832
96.8656
82.582
101.084
104.511
82.958
124.299
96.0216
108.505
88.483
100.41
94.1532
99.7754
71.7552
119.364
114.053
113.839
120.849
107.247
90.8884
100.162
98.0436
103.223
98.4666
80.2626
96.487
94.2498
103.557
93.6458
116.17
113.977
112.905
108.199
101.823
89.3132
94.9536
98.2764
81.9916
105.95
86.8986
99.588
92.7068
102.709
97.9298
109.08
85.7806
112.965
98.7204
64.7252
80.895
80.3548
71.6594
69.9948
108.789
109.702
98.0978
94.228
79.9828
112.757
109.954
97.144
120.123
103.887
92.8404
86.5982
117.583
82.0164
115.668
116.467
80.0058
109.512
80.3288
106.237
85.4664
108.746
84.538
78.2952
75.5454
93.251
86.1952
92.9504
78.3116
107.636
95.429
91.3206
85.026
110.078
114.569
97.44
105.421
117.245
98.2096
93.5324
101.492
115.064
71.7732
76.369
128.715
115.701
96.2186
109.372
92.763
79.2958
87.6824
102.443
109.865
89.239
115.645
99.4694
75.2302
84.2168
120.426
93.1054
94.6896
99.6128
113.058
100.282
99.3724
112.206
115.075
73.1706
92.255
134.151
105.666
77.9164
105.249
103.283
99.2058
107.694
67.0412
78.9542
101.355
95.092
113.324
108.142
79.6188
97.3648
133.628
105.751
92.359
119.854
106.882
91.293
113.097
120.88
119.93
101.977
111.239
94.2724
97.3504
123.243
97.7468
108.682
91.9772
93.1642
111.601
99.0836
104.087
90.9934
89.5118
81.833
75.258
92.0028
104.122
78.679
70.6968
95.589
129.969
101.748
83.3342
108.27
113.915
119.363
114.467
74.6914
89.7298
114.468
75.0576
80.3164
99.5878
87.8928
105.031
92.773
105.827
120.473
118.15
103.036
134.932
96.464
82.553
105.754
74.5284
80.546
82.5484
97.67
128.568
85.8348
99.4208
88.457
59.0662
99.5052
76.6036
75.024
106.65
108.436
82.6656
105.834
87.8482
84.5622
124.654
91.6952
103.123
108.043
85.9426
106.094
117.647
94.037
97.6662
100.246
106.194
100.897
90.5318
91.637
88.559
82.2998
114.542
107.495
107.027
108.995
127.524
113.465
105.202
102.06
100.414
105.198
117.8
73.4888
86.8802
89.0288
104.609
122.138
94.7822
87.2304
87.5144
112.265
108.802
114.28
93.3772
102.74
109.331
97.884
78.7674
79.9766
90.7444
91.2572
83.833
102.046
104.144
91.8786
104.353
101.56
126.829
105.983
119.901
96.5298
114.92
93.0478
112.716
82.9272
72.0198
74.6144
84.3742
105.979
103.802
105.751
107.006
104.669
99.4388
108.306
83.1052
100.774
90.3472
89.3816
105.993
120.254
106.34
93.288
79.7308
91.289
99.1706
88.6356
108.669
93.747
96.2054
95.0042
75.9298
87.8428
83.2984
110.058
93.8712
109.404
101.367
140.858
93.4664
118.998
96.1586
85.7358
98.7366
72.987
92.1488
106.92
92.247
78.083
101.911
107.218
110.348
74.0274
92.428
111.405
118.531
93.5026
96.2746
110.675
91.9782
80.1526
100.529
86.2896
107.739
108.773
110.773
101.468
107.924
95.9166
90.0866
88.6988
97.2314
104.77
109.153
92.08
110.082
111.917
86.1388
99.919
100.681
88.2116
98.1024
109.677
98.9396
102.641
100.637
98.6422
86.867
98.2994
74.178
138.001
93.0742
72.918
93.6144
88.0142
112.604
95.8536
111.198
94.0228
90.8318
98.2368
97.3378
105.906
93.9694
118.124
97.3902
96.085
111.743
71.713
95.8022
100.839
93.4514
78.5594
127.312
82.08
88.864
124.049
91.2952
80.6694
98.611
111.04
119.221
95.318
81.453
92.7366
79.5278
118.334
94.502
117.324
96.216
95.9892
106.693
115.163
104.764
88.037
130.83
89.754
72.7876
90.913
72.3106
127.83
94.6718
134.031
108.889
90.208
83.9834
93.428
86.8374
75.5488
108.403
111.345
91.3072
105.772
107.426
112.226
111.019
112.894
72.1036
94.625
102.517
132.916
85.1056
91.7396
101.92
102.818
79.7462
84.4312
80.875
87.074
78.7536
79.685
96.1768
89.9636
88.1442
98.649
99.0198
81.8594
107.856
89.8846
89.197
83.4612
122.509
97.5092
103.3
82.9856
82.1628
82.7024
95.6984
107.331
122.967
117.983
111.388
137.498
99.2688
140.576
91.6042
106.578
93.0434
92.2318
72.0412
105.866
74.8896
111.137
91.1632
96.7758
83.91
91.3046
86.2712
77.9974
109.139
111.695
116.574
102.777
106.109
94.0538
82.5794
93.3236
126.956
89.8454
98.4452
120.35
124.973
97.4502
106.864
116.702
105.183
122.775
114.836
93.4622
92.3098
109.882
93.4178
102.393
117.783
80.8164
99.0222
98.2158
111.539
87.3522
120.387
106.82
80.6364
96.405
126.879
101.774
96
84.5556
110.614
112.059
114.957
106.962
94.248
90.164
96.7806
108.451
102.724
90.7416
123.135
109.158
90.465
104.738
115.59
90.5642
104.991
105.462
99.6776
109.983
107.686
110.681
117.033
103.285
55.7686
89.6292
129.298
105.179
94.4678
107.019
113.8
114.983
101.63
114.661
114.37
112.845
94.3768
113.22
87.2178
89.3382
87.8668
100.178
108.094
105.218
112.06
115.613
116.974
115.94
100.819
111.207
110.147
104.245
94.8484
110.577
86.0454
93.6432
82.8294
91.806
122.282
90.0876
83.5354
89.0824
118.727
104.732
97.5618
105.138
79.7302
99.7566
135.127
97.4236
95.5612
110.548
102.325
80.8746
92.3182
101.584
103.845
107.76
108.235
101.72
90.3332
95.1992
97.235
122.747
85.6494
99.4322
80.5428
89.076
97.398
75.6892
87.9444
85.5454
95.1604
94.9584
91.664
90.1406
108.612
88.697
86.1468
112.001
132.1
100.572
99.9086
89.3872
88.6722
78.5226
112.293
102.639
137.542
77.3212
92.0736
77.885
114.58
89.661
117.77
101.979
101.915
118.041
100.707
89.6952
88.5964
91.3266
97.1396
113.805
95.2242
90.8044
103.106
112.759
92.2602
103.423
97.0712
108.781
95.0436
93.6182
93.1374
80.93
80.3714
104.445
70.9724
106.145
106.118
75.232
115.892
111.2
109.899
116.872
114.061
81.0506
89.8872
96.1214
105.757
114.747
88.607
117.063
95.6308
104.158
78.6968
128.755
96.9346
66.8706
84.4754
106.029
103.586
75.7972
104.697
110.265
84.2834
92.209
122.225
101.398
87.4952
85.9162
95.855
101.59
93.3818
108.71
118.885
103.973
97.0928
112.483
96.356
74.3748
87.1812
95.1732
100.477
99.4134
150.274
92.706
101.663
96.7442
95.185
95.9918
114.452
73.1382
110.991
78.6526
94.7362
106.434
173.056
116.369
99.4838
93.4394
116.423
106.925
103.887
113.977
88.353
90.308
128.081
111.616
106.209
116.504
99.0616
103.46
101.794
69.3512
96.378
114.629
121.43
93.7644
97.7424
96.0782
107.289
100.522
87.1962
98.228
90.8722
81.3744
73.046
102.03
94.0354
116.163
109.066
83.6166
67.999
103.238
99.4024
83.7882
92.8224
105.168
89.8164
96.271
94.4782
98.1714
83.0124
100.984
92.5932
98.9422
89.8016
85.4866
91.7082
90.394
106.438
98.8894
119.71
81.8332
112.708
132.267
110.595
117.379
111.11
118.668
79.0198
71.853
77.3516
110.95
134.184
108.896
91.3558
91.6758
93.0148
89.226
77.3192
82.3188
96.1226
106.207
111.106
160.21
102.141
92.368
100.12
68.863
103.889
100.255
136.671
85.9964
87.4986
100.304
99.9092
107.442
127.579
107.879
104.693
93.0778
94.5248
65.3224
117.77
95.3878
97.1662
102.961
112.524
105.096
80.4436
94.6434
97.4222
106.025
89.9564
98.7684
105.592
91.1308
95.7562
95.0504
111.045
87.4642
107.48
93.4572
97.9824
89.7422
92.9022
108.271
105.102
105.226
100.458
75.567
109.524
106.569
112.84
102.871
82.7718
88.773
107.759
98.8738
93.3124
74.0506
107.637
98.3152
82.75
90.1208
107.676
81.261
89.643
99.6096
100.916
80.557
98.7352
103.419
131.969
97.1172
83.3024
126.66
90.041
105.311
103.979
75.6214
89.9154
84.6044
90.3494
110.61
108.403
93.711
88.117
85.336
85.9806
122.877
94.0994
112.756
121.033
95.7996
87.0414
132.673
85.855
108.423
124.939
91.3942
96.803
104.269
69.0508
103.461
92.3154
97.841
105.232
101.056
97.762
104.283
81.8802
104.822
96.5128
102.203
113.632
95.198
99.6892
99.234
69.3228
93.508
78.9796
96.0936
85.5424
119.844
98.607
101.417
71.557
104.708
101.296
106.441
90.0504
90.9126
91.99
66.2342
86.36
89.9004
100.758
91.8802
97.2688
94.3904
115.896
70.8714
109.21
91.0412
89.9922
105.257
81.6316
118.484
89.2624
104.734
74.6012
121.87
110.189
109.052
130.387
96.2322
83.1444
76.6716
127.731
117.734
92.4154
89.5704
92.9674
108.104
95.653
78.2102
139.174
83.1342
97.5012
100.552
106.068
126.067
93.723
94.111
95.943
88.1676
98.1444
88.4368
113.194
78.499
113.697
106.657
105.101
89.4438
111.066
110.344
108.021
83.1128
83.193
129.026
104.927
93.4574
92.6586
92.5902
88.0462
89.3162
124.942
103.158
88.0262
129.257
93.6542
85.5814
70.591
83.2932
91.444
90.7832
71.7646
97.0986
101.654
109.729
116.963
99.013
92.3144
101.655
92.9398
93.8592
96.7614
83.6036
119.009
94.4048
93.8094
76.3096
94.015
104.799
114.544
84.817
98.492
89.5676
85.8736
115.513
70.37
96.1014
88.7278
88.851
117.059
69.1574
84.6698
111.49
89.3678
84.1134
87.705
97.0854
85.4248
88.7794
104.119
90.796
80.7866
129.005
114.086
81.744
101.949
118.671
93.8364
106.674
93.1824
85.3312
110.213
102.567
120.027
106.279
89.7484
83.0004
110.257
96.1404
101.169
82.3828
103.475
79.1638
61.9152
89.984
85.0058
103.305
83.4694
87.6868
98.6468
112.659
65.483
111.233
106.144
117.766
101.77
64.7198
82.6826
92.925
106.374
79.791
107.809
82.4222
94.4192
86.2354
85.6222
109.662
93.6902
103.386
66.667
118.765
123.824
92.4142
110.686
109.896
100.251
84.4414
84.4134
96.162
82.7918
95.2688
81.9912
105.678
79.2762
107.601
88.2184
112.869
107.828
100.086
89.9872
91.8024
116.848
95.2592
93.1986
97.2728
99.9192
108.426
105.774
84.2864
84.2292
89.2534
89.9056
113.585
64.797
95.7202
88.7468
98.605
76.8668
92.7134
110.589
102.923
95.1102
89.2222
85.871
78.0104
97.6298
109.964
103.119
88.3722
88.7178
101.87
97.086
92.329
102.87
104.279
124.831
93.9208
74.9632
81.1206
80.4424
105.475
99.2948
102.828
79.9736
93.0292
91.2926
108.314
85.2516
111.615
88.4994
106.301
82.2064
101.849
95.0516
97.2392
108.624
94.8862
112.745
106.958
95.55
85.662
89.1904
116.209
92.5974
94.3116
72.9138
87.2066
132.991
108.87
94.1582
91.0694
124.216
102.356
98.8254
111.423
62.9972
95.6956
124.184
111.622
128.842
120.599
105.427
102.59
87.8926
86.6562
109.093
96.397
98.6718
87.3894
88.3082
97.9664
87.1582
105.68
109.508
81.6358
99.8726
107.402
103.604
96.747
81.9342
93.0138
106.59
87.2234
112.938
101.079
108.052
82.8334
106.997
110.232
96.438
110.431
106.532
116.72
102.957
116.455
124.418
124.374
95.2952
107.953
104.312
105.196
107.756
106.146
97.1162
127.709
121.854
120.706
106.956
94.4372
102.795
75.3296
112.912
103.581
98.966
73.6124
96.7598
102.762
94.8248
90.554
103.674
89.1668
111.7
103.27
106.956
87.9314
79.6748
105.43
107.264
80.3084
98.3238
79.8304
100.164
100.285
85.6646
91.765
96.2286
92.2122
102.873
102.393
95.136
92.763
133.315
116.2
88.7304
98.0842
83.7402
109.548
87.013
101.399
102.786
88.2636
111.215
110.828
87.019
88.9572
70.4878
105.38
83.6696
86.1556
89.3246
87.6094
85.0874
108.074
107.086
108.451
90.0442
99.1294
110.86
108.445
112.306
89.6994
93.8438
109.628
116.196
111.453
88.2042
90.8478
71.3784
66.3146
105.539
110.938
92.4338
99.4088
83.9524
74.3418
126.694
103.607
103.926
85.5638
104.678
89.8466
108.305
71.012
98.0288
116.136
112.064
83.3426
89.2138
84.066
79.3606
94.2184
100.102
79.8938
109.702
107.649
88.4906
112.1
96.7038
88.0606
90.88
88.6174
110.59
94.075
89.5892
85.598
81.7182
117.203
105.772
98.6456
101.415
91.1188
83.7956
96.3762
93.037
88.642
100.853
84.2984
100.502
95.7032
97.8088
95.1322
134.957
85.2346
88.8114
98.116
106.782
94.4378
87.4536
102.617
91.7494
97.8862
83.2224
111.888
107.939
95.8936
106.173
89.0908
89.675
107.772
73.7138
111.5
104.081
102.337
105.609
89.321
99.1112
101.172
133.102
99.0768
82.8316
129.152
116.103
109.511
108.411
106.307
80.9714
97.3568
107.35
90.0942
86.2618
95.2586
73.0806
95.2014
121.023
103.481
105.452
77.0504
106.847
95.7338
111.472
86.038
104.382
115.012
95.9158
82.2318
96.5708
100.319
98.7176
72.118
104.097
109.835
89.8108
83.6678
96.5096
88.1754
89.7414
89.5254
82.349
89.6154
102.865
118.995
78.3248
113.563
99.477
81.6084
107.324
86.9106
95.6142
110.447
90.2746
89.0598
97.2306
96.0174
83.0054
101.782
100.625
86.367
100.578
92.713
93.4586
97.9178
102.333
92.9016
95.9894
111.689
106.984
92.0798
111.415
110.393
91.0226
86.124
88.0308
76.1488
126.277
108.895
107.431
87.4658
93.8788
78.3864
88.0092
99.7082
123.524
98.806
83.9974
111.962
89.6744
100.644
88.8148
73.4656
93.6226
94.0146
102.693
116.299
90.4876
83.9832
71.734
109.369
85.5496
77.451
82.413
117.48
99.0442
92.0572
119.08
99.1912
113.881
91.7404
95.3634
104.982
80.2072
108.566
86.6328
91.2808
132.45
121.483
114.759
104.146
99.7548
88.6986
120.221
95.7314
108.229
113.008
104.025
107.967
86.9292
90.1486
103.067
98.1318
88.3484
109.079
102.411
84.1822
94.1234
76.116
119.112
131.871
88.1664
92.7916
117.014
101.16
122.474
85.4754
78.5128
101.663
93.6002
100.078
112.343
82.6612
91.8458
103.657
118.206
126.133
101.592
75.99
101.252
93.4052
77.497
96.356
68.1932
90.6318
103.236
121.768
68.7202
90.7942
106.987
82.5974
105.684
80.5016
107.665
94.7054
85.1654
104.346
113.798
95.9996
105.638
89.3774
105.479
110.573
114.488
115.722
91.8896
134.676
101.793
128.903
98.9552
111.433
107.932
97.5448
95.1828
108.527
97.0338
92.4782
125.72
83.8498
126.305
84.4432
124.865
102.408
101.215
96.3436
110.456
115.961
90.8164
118.906
131.187
92.6198
100.675
107.506
110.137
84.427
79.7204
102.626
102.274
107.043
104.517
100.267
67.8222
102.191
118.544
108.682
106.463
87.383
106.864
119.122
85.1386
125.552
82.3994
106.679
60.1752
77.5712
103.906
93.5194
107.344
121.96
82.2548
112.558
88.624
89.6544
100.583
90.8344
82.0066
94.3614
99.8988
101.977
82.4818
133.359
104.11
78.1594
98.5728
88.945
113.844
93.9726
99.4258
106.81
92.8208
96.476
113.318
102.711
89.4464
90.339
112.408
106.367
95.966
103.409
95.8936
94.3296
115.707
88.8436
92.2564
95.0548
93.4376
88.6876
96.8246
96.3962
79.8354
99.0632
95.2918
79.783
109.117
83.3552
104.181
79.3276
95.4558
109.097
84.1014
98.7646
124.613
114.72
83.4908
113.033
85.1608
111.234
89.2072
77.11
68.5092
105.171
95.1356
95.8504
88.1474
122.91
78.0596
98.5866
76.1998
113.242
95.2704
118.017
103.408
107.258
92.2062
121.475
104.829
104.22
98.7112
77.478
84.6932
125.501
89.8902
89.8674
68.1518
91.4598
110.269
93.7906
102.05
77.4568
91.637
79.8528
130.061
108.448
85.698
99.3292
118.294
104.006
99.9372
118.344
106.975
106.08
92.8138
93.7466
113.268
105.062
75.8342
95.0632
108.968
84.323
92.0138
93.371
94.7498
96.766
104.262
119.282
112.138
112.959
77.4786
106.623
91.4342
83.686
108.674
115.624
130.458
107.75
95.566
96.3638
99.735
88.5236
115.549
136.869
108.539
107.668
83.0004
111.166
84.2694
83.4406
119.457
89.7416
82.8418
118.304
77.5894
91.2446
90.3046
113.996
110.345
112.811
96.474
130.387
90.6576
98.3976
94.9786
99.8772
114.839
114.401
113.552
91.8826
105.107
91.1106
80.1394
102.679
99.3368
67.0574
118.018
101.758
130.902
78.3034
100.074
116.871
96.3142
89.587
102.154
74.334
123.635
91.8506
86.3152
73.0732
90.7464
93.2786
93.5102
91.8412
99.4224
88.7006
85.2796
109.218
115.261
100.642
93.3748
82.1208
105.586
90.415
97.7116
89.244
96.8362
96.8068
83.2948
105.987
93.3858
130.005
97.7426
87.238
75.9128
84.1784
94.0608
81.174
96.5814
84.1002
95.0846
95.5804
96.256
126.758
85.2994
117.57
81.7424
100.651
90.735
88.9946
96.623
94.2236
87.4024
82.7512
122.152
133.425
100.424
87.7348
99.2172
107.891
123.136
97.5144
82.9302
109.383
91.0418
64.3164
98.0736
76.004
116.765
91.9426
85.4458
88.278
104.937
97.7598
77.314
85.9416
105.275
122.036
93.7302
123.6
86.9602
98.317
99.1832
112.482
89.5894
101.586
108.239
107.615
99.7498
109.29
91.6892
105.536
86.812
89.0266
98.8742
81.0618
88.3306
99.8588
85.4692
97.7894
106.452
142.651
98.1406
95.3196
86.7078
99.2108
94.3338
124.175
108.881
86.9778
84.7172
79.515
102.912
122.029
106.841
97.5382
80.7088
81.7966
100.547
79.3204
104.112
94.599
99.208
91.3142
85.7652
94.0278
100.405
108.882
105.453
102.116
83.741
67.2086
91.5698
106.952
104.109
93.8528
117.51
88.7162
97.0524
95.331
100.573
89.5176
93.4036
87.0446
106.257
68.6354
86.0788
103.005
118.566
111.392
90.92
120.319
100.849
113.314
98.3082
85.0356
93.4126
96.4458
80.9008
106.833
102.004
64.1938
102.124
90.428
111.885
102.714
109.764
108.812
127.411
111.937
90.8276
118.256
97.7324
135.93
117.661
85.3922
105.249
105.968
105.671
112.623
88.9188
106.758
106.798
103.008
88.3806
105.383
105.507
86.9168
108.217
86.1622
96.8774
80.2582
108.95
97.9166
119.679
90.9436
78.3044
95.3638
84.0256
90.107
99.7518
111.205
89.9956
91.1094
95.6468
104.143
85.5572
83.4058
109.111
84.1968
110.993
114.199
100.378
89.575
93.1846
106.894
105.751
103.795
100.887
105.729
81.8408
101.079
116.705
102.606
96.6824
84.8282
95.5172
95.3514
89.668
98.5728
114.455
73.911
95.3122
125.289
117.67
88.2348
117.31
106.883
115.269
84.7856
108.248
92.8854
112.003
99.823
100.446
101.34
89.2968
109.114
92.9928
94.3906
118.2
100.397
81.9976
78.6162
100.382
103.951
102.802
101.659
98.0648
100.581
100.384
108.438
97.6138
75.5496
78.622
139.912
95.507
89.3986
107.384
84.7508
83.7834
90.2668
109.277
114.758
116.62
84.5734
85.4688
119.177
94.7444
90.4276
101.925
123.251
99.8864
90.8646
100.781
92.8968
123.822
114.396
88.5414
117.799
81.2394
104.254
73.2816
100.257
75.2692
95.1602
87.645
81.2056
82.8172
90.8306
108.967
100.556
88.5524
81.1528
87.6414
101.924
100.474
98.5922
101.779
110.437
135.472
78.9646
87.687
100.758
99.9532
82.8628
99.9034
98.1778
103.016
98.5848
71.1206
125.171
91.005
148.903
125.979
80.3948
89.5332
106.037
87.0768
102.811
97.6818
92.338
87.026
112.446
85.2558
101.03
93.2058
99.5804
87.0202
103.121
100.142
84.3356
99.0076
85.9154
87.08
75.0684
79.929
105.536
110.129
105.309
108.006
101.681
132.369
114.994
114.851
93.033
102.816
84.0764
90.7126
103.127
95.0576
103.585
95.5444
76.2422
103.858
96.55
79.5402
84.1588
104.599
85.4562
85.8362
103.543
85.9994
118.303
115.219
85.4758
106.502
84.4742
92.7654
108.548
105.434
114.183
102.797
74.0242
111.233
93.4848
115.023
113.508
97.4984
89.3434
72.158
106.605
104.457
77.7082
100.955
91.3712
82.3506
124.326
79.3842
114.217
82.0844
105.892
92.6
100.511
102.78
117.147
89.3922
106.256
118.198
93.8848
99.3534
103.679
99.7464
83.915
88.8888
78.1252
85.0356
92.2916
98.9618
97.9104
85.9654
96.1942
108.81
100.731
100.012
89.751
113.724
105.893
98.9008
104.74
94.3178
110.806
109.185
72.8874
87.2552
93.3056
116.282
98.573
91.9108
99.1038
75.641
79.598
88.905
94.2474
115.917
98.202
114.183
101.361
105.951
75.561
119.82
115.593
87.2118
102.48
108.896
117.269
83.0566
111.223
114.51
86.5632
83.7906
127.142
112.063
97.8488
100.463
101.645
75.3232
92.0744
112.918
85.1114
124.494
94.6682
76.0348
97.0536
95.6906
112.739
100.257
86.942
104.009
94.9066
110.889
90.9586
99.2484
100.333
106.185
69.829
136.453
110.058
81.167
110.071
101.403
62.7448
109.013
95.062
66.4908
80.479
93.8524
110.465
90.1288
129.33
89.4016
110.181
130.146
108.238
98.402
114.543
85.6266
110.081
108.122
132.901
94.6222
111.272
105.489
102.171
86.8344
118.162
98.535
100.642
99.3248
89.228
100.404
79.1342
97.4984
97.2326
108.964
81.6938
91.7284
102.574
69.4498
82.0118
91.9658
86.9208
120.907
89.8876
87.4718
117.025
109.693
76.9006
103.262
94.5448
96.8882
104.117
104.63
125.953
90.9962
99.914
101.302
98.9328
108.398
126.895
105.56
100.88
154.863
109.473
71.0398
96.7068
86.3008
97.1736
87.2308
97.8888
84.68
99.5256
85.6062
103.597
84.6378
92.2478
91.1076
110.954
109.345
81.1528
88.5856
92.5976
115.028
104.249
84.4478
99.0298
97.9156
113.829
96.5114
104.789
92.5714
98.808
108.436
87.8218
111.555
99.3566
85.9248
97.5056
63.6096
85.9826
111.793
112.813
111.633
95.3664
102.275
89.1318
113.018
108.007
95.218
96.7652
109.77
81.4698
77.6138
103.894
89.8046
112.893
109.538
103.189
109.639
103.442
95.2196
96.4316
85.9242
109.435
86.0678
109.552
80.4578
85.3226
119.386
93.7096
117.986
124.424
67.9152
134.483
97.5628
85.9688
109.157
105.94
96.6908
94.979
100.814
82.4858
118.413
92.6262
77.3328
88.2996
91.347
87.9336
95.006
92.3654
104.082
86.0036
82.6284
98.8694
116.007
108.754
113.047
85.1574
98.2764
105.833
124.355
86.4834
93.2192
95.4658
117.397
98.834
113.561
87.9702
100.917
113.596
80.4846
85.0408
110.656
101.914
83.883
116.515
115.594
76.6318
106.697
120.516
94.6154
82.362
95.9118
98.9708
98.1966
108.451
62.1018
104.885
113.053
101.564
86.3598
91.7316
141.637
82.9766
98.8658
109.686
95.9708
98.0466
84.4842
104.314
116.306
90.4328
104.875
82.4056
126.728
83.2436
92.8334
95.4616
83.3032
108.586
99.117
132.531
89.9182
94.7264
90.729
94.7082
104.939
110.754
79.4058
96.3262
107.4
110.777
86.0644
107.696
114.323
91.4762
139.174
98.7636
95.943
98.6878
110.887
109.386
84.8674
108.204
94.3716
114.284
99.0732
95.5466
95.8258
108.052
128.845
115.665
94.5224
102.163
80.9814
125.146
104.148
59.7368
98.6956
79.6514
95.9356
94.7912
121.704
87.1516
99.9684
119.165
99.719
81.5318
86.0128
93.3532
98.7432
81.2004
110.846
98.216
109.65
138.305
106.286
96.7622
104.115
106.663
106.572
98.1108
80.0604
106.014
107.165
69.4328
72.4874
79.1048
87.038
71.9016
104.595
116.401
94.501
87.7954
82.2642
108.872
81.1058
107.79
94.548
83.2614
108.766
125.653
96.7918
103.015
101.751
104.966
106.124
114.651
103.556
110.937
78.9684
82.5606
100.257
101.107
114.732
101.279
100.674
90.9682
94.3574
92.734
101.501
80.543
105.578
68.4612
105.521
116.8
102.859
85.729
83.3352
111.994
120.817
98.1256
103.19
93.4232
93.2098
87.7732
90.9174
108.273
105.387
95.3098
112.192
107.496
112.017
117.307
89.2132
99.02
108.343
68.3776
86.6744
98.6268
87.8274
93.449
85.4272
90.2842
78.9496
85.9964
96.3062
102.946
101.028
77.9552
93.23
103.214
64.9506
109.484
86.758
90.5096
125.492
100.369
102.4
120.566
95.2366
118.828
112.455
116.595
98.0302
116.205
111.424
92.4844
101.931
116.788
107.212
126.774
95.1732
86.95
119.502
81.5114
122.153
87.235
112.804
82.1134
95.0302
99.2538
97.627
100.302
86.141
116.578
98.3076
94.1614
120.551
78.144
96.4204
97.4624
91.5094
97.92
91.557
113.939
84.5466
107.205
85.3276
118.923
112.981
110.979
105.992
102.575
103.277
126.93
81.5248
125.864
104.903
88.733
58.266
113.003
110.034
77.9718
106.153
84.2298
101.146
88.0112
90.2784
113.242
87.3736
106.451
71.1382
91.83
80.2504
97.837
103.429
103.999
100.609
104.924
90.4726
124.742
90.61
128.421
126.129
99.9862
88.0162
97.0586
101.967
119.426
94.2642
88.154
90.0792
91.6602
109.404
83.7728
90.9876
104.368
103.369
68.4244
93.1138
74.4422
102.942
92.6746
86.5712
108.318
111.15
94.1416
113.255
75.8492
107.348
86.9798
103.894
87.8682
80.9536
101.902
90.7976
92.0354
108.871
103.164
86.8976
118.813
96.2302
104.645
101.731
104.703
83.37
97.3394
96.6456
82.538
76.4024
122.598
114.943
92.36
83.437
112.738
106.492
74.9372
96.0508
93.0608
90.0062
118.695
95.302
122.079
97.057
97.559
94.2934
103.857
106.951
103.696
92.8418
100.023
141.039
100.94
107.005
75.4914
97.2708
113.131
112.751
106.057
84.0308
97.998
91.7696
75.427
94.4158
103.629
104.149
90.2778
121.382
96.8226
94.7022
87.4124
101.41
87.9594
107.764
96.3638
90.1614
123.883
102.05
108.805
96.0516
104.759
93.9672
93.6506
117.419
113.501
105.963
103.443
92.816
96.8996
141.569
92.189
103.074
100.699
84.0876
64.7394
102.346
88.3336
84.2572
93.9008
107.774
92.451
98.2012
95.4258
112.315
101.483
101.895
88.5792
92.3552
99.6846
87.3914
115.498
100.816
110.636
80.1092
111.157
82.2932
87.619
94.561
118.046
77.8548
144.663
101.994
124.366
95.4856
115.69
82.3104
120.499
98.283
95.4804
109.46
99.9924
128.108
115.484
113.955
95.2714
80.5816
109.959
105.423
76.269
104.679
111.247
89.0826
92.8022
93.7788
102.732
113.639
80.2504
107.97
86.1544
74.573
123.033
111.999
88.9458
130.51
84.7152
80.9434
97.4398
98.5322
97.4236
96.774
117.639
72.4248
87.032
86.5468
91.496
118.035
92.8576
90.586
98.6714
91.857
111.03
86.3252
138.928
98.7078
97.0932
85.9714
90.5428
85.2032
115.947
93.8958
109.807
96.7062
69.311
100.371
93.5638
102.101
90.944
113.461
117.619
79.8766
101.486
130.059
104.179
114.908
117.373
98.0212
94.9472
69.438
78.3956
103.831
96.1806
106.623
99.0286
97.625
66.6464
106.789
108.688
79.5058
92.2786
85.0156
94.886
94.5822
115.767
83.0084
99.1764
115.743
84.8466
102.117
92.4466
103.203
76.677
84.7394
109.227
100.986
86.0876
111.06
86.8034
100.657
91.2058
82.7192
97.1524
93.4856
125.235
111.35
102.357
85.5464
92.6054
100.51
104.914
111.671
94.3212
87.1594
85.3674
116.024
104.228
93.054
98.1236
93.8972
123.1
90.6208
78.6208
90.3584
90.7824
75.7804
91.3478
97.3662
113.253
100.966
95.3662
106.171
86.666
125.054
85.5002
123.281
80.702
89.9702
93.9616
85.2896
104.679
78.1702
94.6352
80.4992
88.0368
94.1178
91.1896
103.938
73.669
74.5982
95.6228
101.443
93.199
125.417
90.3774
108.259
109.843
103.876
108.079
89.8154
76.9632
84.1218
111.661
105.771
114.752
84.9434
72.4136
88.4806
77.3294
136.763
104.619
104.609
124.065
107.703
109.511
137.218
105.864
100.745
109.791
150.215
101.586
106.415
91.3938
102.795
91.9114
77.7784
84.773
94.2068
101.795
92.9734
110.944
93.8574
110.996
99.835
96.4378
95.6304
105.409
98.4492
101.664
105.68
83.2052
101.787
118.246
91.3136
105.928
91.3324
115.858
79.4256
99.7072
111.944
92.8236
91.4788
88.058
74.6896
82.7952
100.203
95.219
91.7608
87.74
87.1874
106.041
90.9954
132.37
123.139
94.7814
93.289
118.868
99.6512
117.883
89.3776
91.7238
94.4874
106.967
116.877
120.615
106.693
113.702
82.7446
94.8832
134.511
93.6892
89.0364
84.032
104.847
81.3174
104.557
111.311
77.8176
101.844
88.9394
110.59
106.57
92.7128
93.0122
101.716
101.663
77.882
72.7854
83.148
100.776
107.94
92.5352
90.2604
89.9066
96.9922
92.4714
98.4496
103.179
90.1542
112.107
99.9716
85.0368
72.6218
103.91
108.449
105.284
98.6526
113.007
99.771
117.116
92.9556
81.4154
83.7358
105.789
79.349
97.4126
106.323
94.2706
93.1042
112.413
89.9676
115.945
104.971
101.66
125.404
85.7888
119.282
86.9414
109.023
115.968
99.974
71.9376
100.229
82.0468
82.9434
93.4194
80.529
88.9102
83.322
101.019
109.843
103.803
80.6828
99.642
100.551
92.555
90.4862
101.65
100.014
88.1806
96.708
96.5104
88.5418
84.3386
88.1838
104.519
86.247
114.845
131.522
104.434
86.3152
78.729
100.715
98.7012
88.412
76.2428
112.817
86.7892
107.665
90.924
94.2466
112.229
85.9554
86.413
96.7836
113.986
84.8944
75.3302
100.694
95.9142
104.519
108.153
109.042
98.2938
98.4476
135.805
58.5254
96.0114
108.821
102.396
83.2856
97.0352
83.5226
102.386
104.122
114.886
101.409
98.9698
78.1684
94.4334
92.8878
93.029
111.35
90.5128
116.484
94.1312
137.064
95.8246
118.368
90.607
108.668
91.7374
85.3772
98.1054
98.7578
83.538
102.065
102.549
83.8088
115.382
89.3738
93.3982
136.111
99.7428
97.1208
81.937
96.5812
105.76
84.6304
98.6338
93.8604
101.475
88.2678
111.057
106.231
105.114
102.055
94.1132
110.253
83.398
103.757
107.048
83.1384
92.2266
91.149
111.551
87.4474
93.0714
99.4992
88.0948
91.9972
86.3168
121.091
91.8556
103.505
96.7964
95.729
132.352
123.447
121.039
115.815
110.126
83.2822
85.475
89.2966
77.022
110.504
106.218
88.1086
128.115
90.0502
91.625
108.33
109.253
89.107
131.041
77.216
112.4
89.3106
97.321
97.246
123.562
121.079
103.242
82.8
97.0356
88.5278
111.873
90.2152
92.046
107.254
102.836
117.281
98.5086
68.8638
112.566
119.838
102.883
90.9186
112.482
90.5646
81.0782
93.5236
136.168
102.547
127.428
106.733
111.007
68.4142
89.2158
104.423
108.078
104.166
88.8908
110.29
103.125
99.8458
107.091
122.795
93.014
78.1136
111.688
120.562
103.629
111.096
101.473
91.0524
97.4904
106.193
122.244
91.0068
89.4162
106.851
85.5454
108.678
77.0726
126.284
126.643
86.2686
107.59
120.496
98.1606
121.804
94.657
91.966
98.2514
114.552
111.054
92.9996
91.944
97.5298
94.8262
119.65
83.6088
99.2446
99.759
109.801
90.9708
96.2386
119.282
91.4806
96.2812
112.859
81.661
88.7128
119.752
99.6622
119.16
113.897
76.085
101.315
94.848
81.659
102.27
93.3758
95.6018
96.0028
99.2614
97.8734
71.2196
92.243
79.1638
100.097
93.942
105.56
71.1306
96.3626
111.07
89.9902
106.37
85.5762
99.3394
107.484
96.6236
113.543
63.705
76.9526
96.982
79.5886
99.024
67.9792
84.9348
90.1286
83.9178
77.0032
98.9282
71.6916
86.2384
125.005
103.859
74.1592
108.22
122.147
128.552
80.553
86.8092
102.116
85.277
119.512
90.165
88.6094
96.7846
86.6126
79.7604
92.1424
79.3418
102.504
104.081
119.112
112.795
104.271
106.291
83.8462
112.126
101.451
82.553
101.394
82.16
92.5224
99.7782
83.0122
103.978
82.6038
97.6408
67.5504
111.698
90.6064
110.689
100.929
110.828
92.5898
92.7994
91.4262
95.7166
78.118
91.2204
147.997
110.567
117.193
97.8674
91.6996
75.4136
120.435
105.937
87.7478
90.3812
101.599
79.7382
90.59
98.8208
118.127
103.005
101.355
110.284
105.208
81.8998
93.7406
113.997
105.819
95.8096
79.0722
118.973
78.4842
81.3232
93.3888
107.813
93.1386
112.033
110.647
94.2374
118.533
106.447
92.7004
99.6132
91.5036
89.7432
100.964
99.4166
77.299
93.7776
101.559
104.623
114.544
116.264
85.1368
97.6288
113.019
101.24
77.714
87.8902
97.0864
92.1396
99.6752
103.412
127.219
71.3548
66.4856
111.01
103.469
105.796
101.358
83.5448
95.5562
84.284
116.128
100.766
102.782
113.605
105.377
94.0422
105.391
78.9604
112.253
94.37
88.0404
103.635
87.6646
110.734
92.0088
122.485
85.6868
77.7024
101.913
99.4768
103.024
100.419
125.01
97.2796
84.9844
100.583
94.593
100.854
81.0266
102.65
103.2
90.9328
85.5762
86.0458
87.8442
88.8118
98.2614
92.7798
103.497
94.0154
72.7366
99.8686
111.957
86.3144
93.3632
99.084
96.0268
99.8614
86.2794
105.301
100.451
101.974
90.0288
92.4778
99.581
80.858
108.568
94.4228
92.5366
94.8618
75.5492
90.551
106.962
119.206
110.291
128.855
80.9148
103.776
85.6222
76.7142
81.586
103.984
107.293
114.652
90.5572
81.8564
85.3618
93.7288
108.463
114.873
93.4366
100.06
104.084
80.49
109.378
106.198
107.292
98.0508
103.908
122.043
102.212
88.9432
103.72
106.139
117.737
107.135
102.205
112.642
88.2572
109.502
111.337
95.962
109.491
93.0552
100.872
123.785
106.735
86.6504
92.4952
111.676
103.469
115.841
90.5002
134.055
63.009
110.274
138.274
114.642
74.4988
95.819
109.887
108.332
104.819
105.698
72.3114
78.5458
109.057
95.2412
84.5972
115.552
103.439
91.8012
115.913
109.879
87.6534
83.1236
92.218
96.2018
79.8216
92.2774
81.3018
90.058
115.703
113.612
83.1364
71.097
101.339
101.339
86.5358
111.446
94.5416
74.7572
100.043
109.885
93.2378
103.211
115.24
114.128
95.7136
95.07
116.374
93.4022
94.4696
102.013
123.648
98.2668
115.375
107.439
99.4634
110.436
92.3416
101.379
100.777
106.712
106.797
128.068
108.107
93.985
87.9692
112.074
95.8684
100.234
136.96
107.931
103.697
104.415
107.981
113.115
109.159
94.56
98.0532
107.125
87.1144
85.8604
108.291
82.2996
119.11
98.8454
107.958
80.8996
88.0812
100.189
108.733
115.491
98.8482
109.66
106.629
87.9728
97.1402
90.1832
96.1092
78.051
87.4812
92.932
79.4044
84.8464
98.3856
139.032
94.0782
115.685
88.591
101.33
93.9438
97.333
95.164
107.724
127.425
112.27
110.965
95.896
96.0886
78.4998
87.614
85.2578
111.111
123.832
94.6562
89.9316
91.1592
85.3168
125.448
90.0944
85.229
133.041
94.0056
98.7536
100.562
115.845
91.0592
116.304
101.811
101.273
117.183
103.183
108.473
108.554
88.9168
105.575
122.354
101.381
99.4994
91.0612
88.9054
99.075
79.6862
103.728
95.1502
114.632
92.4228
117.762
93.4256
91.8176
94.2302
120.029
96.5014
86.069
100.379
98.7008
80.1128
100.255
95.1902
93.9194
115.179
87.83
98.5514
113.38
118.1
92.5456
110.731
89.6216
98.6678
91.7016
104.189
94.2386
135.338
74.5082
91.35
78.1726
106.596
90.2398
87.5272
76.7152
73.144
106.52
89.971
109.451
101.863
83.3948
121.067
128.052
113.143
89.8038
105.606
114.165
106.67
100.33
108.431
81.6364
116.719
109.865
91.2072
91.5752
85.8904
89.2126
92.692
100.506
115.572
100.441
113.449
112.916
97.4828
98.9952
111.867
94.8798
101.053
82.4044
112.453
100.926
120.015
93.4986
99.3574
129.417
84.2974
100.937
96.9146
89.1378
108.198
101.485
111.744
98.202
98.2214
114.743
99.8076
93.9694
93.1452
86.5686
93.2978
105.467
118.618
83.78
75.9554
96.8058
106.179
89.0474
111.184
72.5582
95.9388
100.106
104.393
108.105
111.971
92.5886
116.116
101.525
112.466
136.911
88.8912
65.8632
98.3714
94.521
99.0164
99.75
96.6096
138.393
107.247
91.4138
100.315
93.6786
104.549
87.2716
84.2754
99.5478
88.5788
80.8426
99.3386
91.3088
76.2608
101.27
90.7376
135.722
97.8396
75.4894
127.518
98.3672
95.0912
96.3878
107.049
80.564
80.9422
86.1446
107.941
85.4142
94.001
99.6408
78.2582
86.9262
122.151
106.155
59.7462
86.2394
105.74
73.0866
120.57
95.669
88.4396
93.8658
85.9014
109.358
99.7142
88.798
124.294
108.399
100.477
100.312
84.262
98.3696
68.2002
84.1714
99.371
100.276
92.9834
83.6894
118.52
117.842
106.425
103.25
118.862
98.7816
83.1474
83.8282
79.0592
98.9248
114.608
103.838
74.4648
89.191
72.5286
90.3942
110.507
75.0566
106.675
111.58
110.133
133.448
88.9218
114.83
106.897
106.301
96.1546
79.2972
107.23
114.616
116.454
96.6122
95.8832
99.337
89.4504
114.377
80.9878
79.781
66.4816
102.625
98.7786
91.0286
130.27
116.689
95.6064
88.2532
79.911
115.021
104.987
131.064
95.8206
100.412
85.188
96.7698
95.8842
97.4592
110.373
84.0106
107.233
80.3932
108.583
88.0578
93.2622
87.512
111.435
86.5266
88.521
72.5892
103.162
105.467
105.027
109.998
92.8894
64.3304
87.2202
99.1736
115.761
98.9982
105.298
103.716
72.4896
109.71
90.0026
80.5354
83.0576
98.628
92.601
82.3078
93.0486
100.448
100.845
98.3888
105.218
102.672
114.542
112.372
102.906
83.0678
114.674
90.1496
108.81
106.217
108.099
78.4778
70.211
96.5662
75.2036
108.652
98.4528
99.5044
114.31
98.8528
103.779
124.568
92.0408
100.731
133.76
111.978
114.358
87.8562
86.2774
109.555
92.3866
94.335
98.0494
105.338
93.4344
76.4906
112.829
95.5314
106.575
109.241
98.9116
88.5722
95.1526
93.8534
116.745
94.7006
75.6486
106.816
84.3092
98.7594
86.5822
98.2798
94.0562
83.7838
68.9888
102.429
114.895
80.423
106.342
85.4264
82.5688
110.207
96.1082
84.7842
97.7424
92.2746
97.4236
99.3054
100.988
116.744
79.6204
105.658
108.457
100.12
141.419
92.4874
71.5012
95.973
85.7694
88.6434
94.9172
97.999
114.639
126.107
99.1096
103.887
91.0882
121.954
98.9902
101.274
96.905
81.8116
111.686
71.9966
100.959
109.986
96.752
126.765
91.4492
95.4932
117.835
89.9224
89.7656
76.5324
92.7032
110.542
131.217
88.2636
86.9774
115.361
89.0788
89.5528
103.498
84.9956
68.4598
123.925
111.064
82.5916
84.522
104.087
93.134
122.501
79.0336
127.656
128.398
115.899
103.548
93.902
118.564
126.073
95.2404
107.144
97.4112
112.183
114.224
79.023
78.1558
110.8
90.2734
87.9626
117.406
75.8738
86.9622
70.1162
117.439
93.4758
85.66
82.9584
76.4532
84.107
96.8182
120.221
98.9826
88.8398
82.3558
119.039
87.1964
121.443
83.215
87.8732
126.558
100.378
95.68
113.084
112.306
67.2988
83.2186
104.452
100.294
121.65
71.117
77.5386
110.705
120.283
116.176
98.0488
94.0238
100.428
94.4996
100.607
97.2584
107.896
84.4
122.721
118.121
102.63
98.6334
96.6444
117.55
115.39
114.335
82.073
90.0292
92.08
75.789
86.545
98.6952
111.111
90.1456
89.7742
85.1142
100.384
103.477
102.904
100.793
121.331
84.002
105.116
81.7354
96.848
93.6758
100.945
95.828
103.833
64.2264
86.8366
106.988
80.7942
93.4068
106.217
86.3714
116.64
94.0222
108.604
85.1608
96.5236
101.56
93.0664
77.8512
112.223
107.68
110.993
109.707
109.076
85.7932
102.156
100.618
96.6736
100.299
82.2348
93.462
87.1712
115.905
93.0592
116.471
113.552
124.875
106.61
98.9038
93.945
95.6104
94.0078
79.045
103.837
91.607
96.5648
93.6614
101.284
96.934
110.603
86.2246
116.109
110.798
67.2212
81.6412
87.9972
75.3694
78.912
105.578
102.47
97.513
93.6298
86.771
109.232
111.682
90.5124
126.367
98.992
87.411
86.4152
118.524
87.7242
112.382
104.515
81.3328
103.197
86.108
99.2618
80.7094
108.479
83.533
81.638
76.2924
87.8584
81.9248
92.8258
83.5954
101.317
96.4588
92.458
87.045
107.668
111.854
104.091
112.965
110.784
96.477
92.9698
103.197
117.633
77.217
83.9574
131.718
115.995
103.938
112.277
87.033
80.0136
89.1772
107.49
104.054
86.472
110.575
92.6868
79.9724
85.9086
118.893
95.5522
87.5434
97.8702
108.36
103.494
94.161
113.154
110.851
83.1114
98.2522
131.547
102.81
75.4108
106.151
104.556
96.6976
114.958
68.803
72.2534
106.665
103.683
103.717
104.463
82.6618
99.1268
128.358
104.217
97.7206
114.783
104.887
98.2074
102.504
121.976
110.771
106.594
116.309
99.3078
98.9248
116.807
99.699
109.718
93.8424
91.7328
106.969
84.2666
108.057
96.1474
89.1596
79.559
69.1124
95.2208
106.092
83.6582
74.44
94.1298
124.834
105.459
89.9138
103.386
117.076
117.389
113.215
80.5104
90.7408
111.758
73.5688
84.5782
107.972
93.6574
103.591
93.3704
105.705
128.47
117
105.863
140.327
100.877
83.2316
100.478
75.35
77.4624
82.5568
96.4228
126.516
88.6196
101.166
90.381
61.9082
102.309
73.3138
77.3746
107.868
112.155
85.5544
108.229
87.9606
85.1784
119.175
91.6156
96.8006
107.792
80.9914
110.494
117.936
88.018
102.966
98.4778
114.831
109.653
91.8768
84.4088
83.1966
87.1026
111.599
99.5582
103.405
96.6748
133.344
108.881
112.536
102.032
94.6016
105.243
121.809
72.4502
80.0994
88.729
101.959
124.414
92.9436
94.4576
88.6884
105.519
110.06
108.134
81.933
100.805
113.469
102.986
74.748
74.1788
86.8418
91.69
82.2488
99.2944
107.689
90.1052
107.315
98.9494
125.914
105.384
120.078
79.8168
109.811
98.8392
109.014
88.2472
80.088
73.278
89.4764
97.0022
110.599
102.478
106.317
99.8732
88.0464
104.737
87.4094
98.7128
90.2012
80.9108
105.372
126.647
106.551
94.0414
81.623
95.982
99.5866
87.1326
111.356
94.2678
99.3968
96.4752
75.4478
92.8728
79.0474
114.238
88.1046
112.044
94.1198
140.776
98.3186
119.974
101.64
83.0036
104.864
75.3364
95.6078
100.047
101.931
75.797
98.8474
99.396
108.212
71.0348
93.1684
110.197
114.445
93.313
98.1174
114.208
93.4176
81.4018
100.344
85.3512
113.899
110.748
122.689
86.9482
106.17
92.3302
87.3338
77.8862
95.5454
108.645
112.213
95.4408
102.182
113.893
89.835
103.735
93.9856
90.5368
99.0036
107.054
97.9076
103.254
107.41
95.377
83.3588
93.7778
77.8734
143.915
84.197
68.295
84.1534
86.589
113.034
90.128
115.072
90.4352
97.3988
102.114
103.997
104.127
82.6772
115.387
97.0968
101.9
109.704
73.6794
98.1004
107.666
89.7048
84.1458
129.535
84.7204
87.9832
121.834
100.619
86.4736
102.636
109.584
123.356
97.0622
89.041
85.9718
77.629
118.24
96.2014
119.923
104.434
94.5896
100.064
116.003
95.9728
95.4864
126.383
83.9934
66.5932
91.0878
67.6952
128.799
93.7228
125.422
109.552
88.2588
88.6458
87.8706
87.2772
76.098
102.341
102.214
90.8654
106.657
98.4404
117.542
117.363
115.52
83.718
101.631
102.374
129.053
87.4852
93.3876
97.041
100.691
80.7718
84.8514
76.8718
93.6574
80.4888
81.0948
94.6158
86.8512
90.1072
93.7306
94.4662
83.4418
110.98
90.1642
81.3664
85.3572
108.456
107.609
103.141
87.9134
77.4502
87.6956
94.6032
108.973
114.144
117.794
103.668
138.436
110.502
137.67
99.1154
106.313
93.9766
90.5284
75.7062
104.446
76.2392
109.804
95.6434
98.062
75.8316
92.8326
92.8846
87.323
107.756
111.226
108.504
101.848
98.0976
94.0318
86.0694
91.4134
121.496
99.4
97.0882
118.768
121.985
95.3964
106.515
118.849
98.0754
122.637
107.339
92.5648
93.1072
107.228
96.6418
103.773
116.772
79.6174
96.1626
87.9462
114.381
91.7458
122.382
105.206
77.6228
98.0636
118.435
100.898
91.7068
92.528
114.79
104.664
114.86
101.004
95.6932
83.1466
95.4452
108.912
104.079
87.9148
118.583
107.895
87.8992
106.201
119.562
86.3848
107.846
98.504
101.849
109.125
117.497
111.707
120.967
104.162
58.085
89.035
119.799
107.64
97.678
108.658
114.962
115.757
101.768
108.084
115.733
108.578
92.5404
105.859
81.891
84.4116
91.9148
100.434
110.943
97.365
119.995
122.623
114.262
113.339
98.561
119.084
111.639
105.553
109.374
112.099
87.5056
89.508
84.8694
92.145
119.441
85.723
83.252
83.543
124.73
111.742
97.8166
102.816
80.0568
99.4214
137.673
97.846
92.238
104.068
100.076
73.3944
92.9846
108.495
98.9702
105.619
109.395
101.906
92.8874
93.7064
104.855
124.343
91.4946
100.828
86.7232
94.326
102.054
76.0578
88.2714
90.3562
99.8152
93.963
86.3114
91.0946
105.289
88.6818
83.118
113.489
126.406
105.172
96.8518
86.5944
77.924
80.6204
123.692
107.792
125.816
70.9752
94.4884
77.2838
107.736
85.7312
109.768
102.848
104.564
121.057
109.817
88.4516
88.5872
91.2834
98.624
112.043
98.6214
84.5208
97.7256
107.504
92.5338
106.791
91.639
117.195
98.0302
105.862
94.0394
91.0684
69.6744
110.153
83.5922
99.826
108.907
82.508
113.09
113.36
104.572
113.075
110.187
82.0166
94.612
90.943
110.485
110.019
90.776
121.18
101.519
96.7346
78.9136
128.893
96.7356
63.4096
88.8458
104.509
100.311
77.4778
104.693
105.907
78.3426
87.8148
129.945
100.152
81.0066
86.7386
105.708
96.2132
87.7446
116.82
118.929
103.367
96.5822
112.486
85.4728
76.2892
85.0044
96.3916
107.418
97.2772
140.908
91.443
97.129
93.167
96.6204
107.056
116.629
79.9122
120.503
71.6384
95.437
102.106
167.577
111.501
103.678
92.0082
107.887
97.7224
107.395
115.868
86.9776
88.126
122.2
106.788
97.8298
115.373
97.0292
106.167
100.77
73.2822
98.1594
112.732
124.837
94.6772
105.6
95.9238
114.055
111.104
86.5014
107.816
79.0894
77.976
65.8078
101.355
98.0162
117.224
118.306
89.5394
72.2998
109.001
98.5406
78.676
98.2098
101.515
81.3614
96.977
94.992
108.786
82.399
102.185
94.6168
94.761
95.4816
99.5576
95.976
95.3512
104.169
102.071
115.446
84.0388
111.93
133.685
114.551
121.13
101.055
116.921
79.968
71.0006
74.351
107.209
120.488
105.474
88.7808
83.9788
96.288
95.4668
81.982
80.3338
100.103
103.642
107.593
163.486
102.509
92.513
99.3584
70.2784
101.394
89.3896
135.659
87.253
88.36
107.515
99.5732
107.059
120.206
109.589
113.999
89.624
90.3832
64.5832
120.101
96.1574
97.44
105.137
109.703
111.407
77.4888
92.317
100.055
105.326
95.7414
98.292
104.442
90.368
88.5954
100.743
104.447
88.9528
112.796
93.3646
100.479
80.8486
90.9296
99.1378
108.823
97.466
105.035
76.5746
107.707
108.102
113.243
100.91
80.5312
90.036
107.179
102.781
98.0068
68.4636
107.654
105.678
83.0294
92.1348
105.755
88.711
90.7054
100.808
108.274
83.524
97.747
108.467
133.119
100.841
87.2324
126.869
95.0624
108.983
96.9708
76.1596
106.215
83.2608
97.2384
102.955
112.275
93.8086
94.5096
86.0042
89.8706
132.94
98.4928
117.012
122.569
99.927
86.3632
127.798
84.9846
101.731
126.784
92.7102
99.2146
100.494
72.6058
104.529
94.2904
90.148
100.833
109.365
102.931
111.049
84.1698
99.9348
95.5222
